10504
17	17
22	22
107	107
125	125
162	162
163	163
165	165
171	171
177	177
187	187
197	154
208	208
211	211
216	172
218	73
218	218
219	219
225	225
229	190
230	204
231	229
236	236
237	237
240	240
241	222
242	242
244	244
246	246
255	229
255	255
264	264
268	101
268	119
268	128
268	217
268	225
268	243
270	34
270	229
270	242
274	190
286	142
286	270
286	286
290	290
293	293
294	294
299	299
305	29
305	305
316	290
329	210
345	218
345	345
346	346
352	352
357	357
359	359
362	206
362	263
366	366
369	270
371	207
371	371
372	372
373	133
378	378
380	373
383	383
386	246
387	215
392	142
397	397
399	399
401	218
402	154
402	402
403	154
404	283
405	242
408	408
409	251
410	410
414	314
415	237
417	310
419	419
424	19
424	424
425	247
425	417
426	255
427	427
432	73
432	78
432	137
432	383
432	425
433	382
433	383
433	419
433	433
441	345
442	432
443	375
448	310
449	391
452	452
453	268
454	373
469	451
470	218
470	344
471	419
471	471
472	214
476	468
483	433
484	433
484	483
485	229
485	484
487	375
487	487
489	461
491	73
492	492
493	439
493	493
497	14
497	19
497	67
497	147
497	153
497	216
497	281
497	360
498	19
499	181
502	502
504	160
515	117
519	225
519	243
522	522
527	521
533	533
534	270
535	218
535	419
535	433
535	443
535	471
535	487
535	535
536	142
536	270
539	163
539	382
539	410
539	419
539	440
539	471
539	522
539	539
543	543
548	433
548	443
548	548
553	270
555	555
558	372
562	490
564	216
567	371
568	432
574	206
574	399
576	485
578	221
578	458
579	579
583	408
583	583
585	163
585	316
585	521
585	585
589	154
594	497
597	527
598	154
599	190
605	469
606	424
606	606
608	154
608	236
608	257
610	610
615	125
615	519
620	564
621	452
625	245
626	626
628	437
628	628
633	367
634	634
637	637
638	470
641	82
641	608
641	624
641	641
644	154
650	433
651	254
651	419
651	432
651	651
656	471
656	656
658	485
659	568
659	659
661	345
661	610
661	634
661	661
662	253
663	663
669	66
673	673
674	610
674	661
674	674
677	74
677	205
677	543
677	588
677	608
677	639
677	677
678	452
678	518
678	678
681	681
686	529
690	432
690	626
691	190
691	218
691	229
692	365
693	373
693	419
693	471
696	470
697	522
697	686
702	317
702	491
702	702
704	443
706	600
710	229
710	270
713	491
713	628
713	702
713	713
714	714
715	461
715	715
716	268
716	519
716	713
721	721
723	111
723	117
723	229
723	344
723	473
723	489
723	542
723	713
723	723
733	268
735	710
735	728
735	734
739	187
739	270
740	166
740	432
740	519
741	741
746	190
747	747
750	196
750	341
750	615
750	713
750	750
753	171
753	350
757	245
757	413
758	405
758	703
760	472
761	156
763	763
765	270
765	765
767	326
767	382
767	767
772	510
773	202
778	270
780	780
781	371
782	198
782	432
782	782
783	144
783	177
783	301
783	398
783	543
783	545
783	552
783	565
783	609
783	703
783	754
783	783
786	187
789	219
789	789
793	793
795	494
797	789
799	783
800	637
805	268
805	519
807	807
810	381
810	425
810	810
812	812
816	305
820	142
820	236
820	424
820	425
820	536
820	615
820	820
821	381
825	491
825	713
838	205
838	497
839	497
843	154
843	416
844	713
845	845
846	74
846	133
846	283
846	317
846	370
846	437
846	497
846	525
846	608
846	639
846	677
846	680
846	713
846	846
847	454
849	372
850	155
853	196
853	846
855	782
857	548
858	497
859	543
865	865
868	523
870	73
870	308
870	345
870	489
870	542
870	632
870	870
871	708
871	850
879	879
881	207
881	746
881	881
882	535
882	734
882	735
883	883
884	713
884	874
885	207
889	190
889	382
892	148
892	783
895	735
896	896
898	898
901	820
903	299
903	316
903	371
903	582
903	903
904	408
907	280
907	907
909	909
911	125
911	367
912	302
916	154
917	286
917	345
918	918
920	582
923	350
923	439
923	923
926	33
930	190
930	743
930	834
931	783
932	216
935	758
936	936
937	889
937	937
938	251
940	190
940	382
941	629
943	382
943	881
946	556
947	556
948	556
950	543
950	712
950	860
950	950
951	501
952	901
953	211
953	373
953	383
953	451
953	733
955	532
956	507
957	957
958	958
959	601
961	783
963	253
964	964
968	445
971	432
971	884
971	971
974	225
979	268
979	519
982	472
983	915
988	988
992	467
992	992
993	211
995	995
999	58
999	112
999	233
999	399
999	864
999	905
216	48
470	608
277	272
522	613
717	853
162	238
87	307
866	905
134	313
624	890
691	328
422	737
512	622
938	809
908	924
961	984
255	697
920	719
110	106
114	142
501	364
584	748
152	968
769	222
701	580
212	411
585	406
561	523
977	309
904	705
851	589
735	243
499	246
118	533
861	521
762	476
147	801
762	664
874	164
625	402
471	465
50	710
852	269
54	137
45	850
751	564
224	319
960	27
792	356
911	816
618	203
116	30
229	33
867	312
898	810
844	599
667	888
225	818
828	774
649	697
815	536
324	649
559	379
153	334
78	552
614	281
144	116
384	611
636	691
718	623
253	299
140	1
399	788
475	688
770	456
912	998
0	75
930	514
836	991
489	446
348	768
203	487
950	502
730	69
598	282
657	633
487	460
800	711
810	826
261	492
295	161
561	108
337	230
34	606
981	883
955	212
511	3
122	589
56	339
75	331
340	149
989	263
536	570
807	599
698	431
401	255
895	612
4	362
523	754
509	714
407	365
222	860
846	281
538	702
933	516
581	629
477	962
392	967
139	95
121	100
120	739
389	581
382	595
424	122
361	700
922	335
142	566
288	462
206	892
793	95
879	852
878	359
933	420
926	540
707	67
772	40
564	106
265	997
309	973
761	939
116	956
889	699
139	976
317	872
662	409
275	726
169	859
443	445
686	132
199	221
978	632
864	668
554	812
321	267
595	616
952	798
915	848
537	784
851	734
617	78
74	845
803	527
55	462
275	637
720	908
720	956
500	993
997	17
155	271
661	373
511	638
729	599
671	379
266	301
523	251
942	518
450	24
44	345
756	253
673	110
60	607
731	917
981	778
312	838
136	338
234	633
883	91
703	376
816	345
576	199
218	809
718	85
155	497
319	839
495	452
610	964
272	234
419	640
176	400
376	956
213	792
652	362
617	791
289	522
275	421
450	348
150	733
339	561
447	20
181	735
745	336
32	883
113	217
758	844
102	650
553	177
84	327
826	507
837	599
199	912
997	842
516	577
518	130
63	834
698	449
653	722
439	291
474	8
440	953
82	834
683	536
335	734
239	164
92	113
2	275
421	71
668	17
669	42
682	359
64	995
914	240
219	774
627	102
318	129
58	620
804	145
919	113
363	471
294	843
7	577
239	898
744	899
226	204
509	35
774	516
90	807
560	120
359	214
663	885
89	585
46	234
870	883
905	803
356	281
534	197
770	313
553	316
746	838
995	917
134	372
828	307
783	320
995	289
774	774
175	939
574	438
949	265
499	156
307	936
960	361
390	680
736	105
656	856
664	1
242	810
660	721
931	611
853	606
103	164
856	481
437	963
991	700
422	691
394	831
727	153
970	875
237	884
242	246
308	727
660	926
659	722
795	507
534	130
548	863
936	870
840	675
516	220
204	807
552	198
369	612
493	704
105	672
731	251
828	83
576	780
492	576
34	42
191	696
342	53
593	515
377	428
257	80
402	800
649	341
873	792
955	227
764	903
104	293
787	989
949	845
529	116
216	368
306	603
794	53
571	2
193	479
658	169
469	774
723	925
652	926
369	897
964	916
974	17
670	955
417	782
310	318
989	954
442	547
580	761
597	721
409	87
689	336
852	344
286	854
339	573
603	185
234	697
294	148
150	447
127	672
556	714
524	492
157	125
165	923
629	419
332	221
252	575
875	70
661	468
500	938
722	779
586	442
756	894
608	665
928	429
704	851
470	199
644	795
168	380
554	262
230	457
670	469
82	540
222	431
813	950
704	51
499	382
751	825
333	573
8	644
795	770
463	696
772	449
489	886
247	226
203	225
681	696
697	820
259	634
732	628
611	297
841	88
640	618
377	265
200	815
720	945
900	760
805	544
792	259
195	471
183	465
485	376
515	715
123	421
392	934
488	487
326	204
478	865
865	466
425	717
198	213
789	906
649	381
878	630
669	586
462	573
287	939
831	932
873	599
31	924
422	494
483	373
32	16
67	748
963	176
249	680
780	408
862	473
176	916
870	804
233	125
88	913
932	618
846	126
966	962
505	597
395	822
590	831
887	419
276	753
849	30
188	442
954	869
831	873
359	978
810	414
66	720
991	273
819	857
845	253
92	101
48	341
742	342
289	373
472	254
718	506
928	300
134	528
952	993
918	201
601	376
649	813
324	741
368	430
4	235
92	145
379	405
433	101
522	47
829	556
106	830
535	90
192	677
418	52
779	935
627	824
567	166
612	471
780	594
440	891
654	490
535	21
999	131
915	90
266	927
805	947
469	484
255	612
152	518
836	211
362	138
280	635
420	578
360	137
804	296
604	440
472	958
511	235
821	716
113	133
722	713
54	419
411	88
163	697
643	767
835	340
832	288
773	261
836	791
770	58
859	223
526	718
672	435
900	765
72	962
278	681
228	911
344	578
429	738
541	643
321	606
270	942
378	30
61	758
616	725
675	540
903	648
512	68
415	277
811	754
109	258
977	336
380	502
810	169
704	113
713	631
551	363
813	467
638	618
814	804
671	320
311	420
13	330
216	577
121	240
872	358
867	400
335	355
562	651
627	650
588	433
363	395
273	795
611	290
196	599
760	720
98	888
841	589
434	907
440	795
637	975
509	348
518	791
975	671
597	826
736	596
889	963
212	129
327	620
917	639
786	551
697	985
878	533
294	422
556	873
743	831
574	610
545	520
50	341
787	375
388	760
29	883
164	501
590	301
547	543
933	341
440	840
872	352
449	636
488	98
6	628
463	926
592	60
608	844
254	508
483	569
725	124
79	604
563	560
989	224
738	218
657	657
279	710
709	700
828	794
224	61
46	753
712	70
720	124
948	781
881	106
474	276
524	388
970	748
112	465
56	664
602	397
234	298
939	243
942	470
333	8
122	365
118	900
562	722
143	647
121	585
539	421
892	6
740	64
956	804
113	158
508	243
567	291
364	645
954	59
782	304
482	893
683	665
836	644
769	69
36	690
426	708
986	719
817	735
569	404
3	604
667	639
313	449
543	395
946	81
959	330
979	858
586	429
863	118
339	667
129	960
726	324
867	1
122	905
818	981
769	704
14	256
689	304
585	342
552	403
568	229
872	831
784	352
561	346
936	332
827	401
573	858
243	357
338	567
61	33
769	352
877	320
115	276
488	76
438	243
717	46
957	290
333	671
128	682
823	502
97	126
105	290
402	175
942	647
64	482
177	721
476	686
943	101
296	780
110	288
846	833
989	505
790	561
529	376
340	354
191	434
550	462
939	205
490	945
895	500
249	265
616	27
545	139
832	595
535	819
160	327
721	412
410	15
829	74
832	14
841	418
564	168
5	641
460	735
258	217
266	572
867	367
195	390
351	302
598	220
415	629
82	425
668	168
347	790
790	4
968	848
637	565
887	606
749	752
184	41
177	43
854	181
805	190
75	110
482	703
828	776
47	788
558	928
15	73
682	447
638	954
732	474
428	778
262	539
548	714
136	462
909	194
85	555
98	358
222	394
837	226
808	152
184	87
137	41
715	353
122	636
395	651
819	66
876	450
812	528
474	587
115	851
744	203
204	463
935	750
668	750
254	216
363	955
82	762
480	832
774	521
533	510
629	974
374	595
35	524
819	409
158	84
965	892
805	484
359	703
982	425
946	763
907	290
577	355
68	599
626	951
823	45
108	182
650	640
914	81
577	29
260	317
115	492
288	530
307	348
937	215
462	385
870	574
868	566
726	240
456	785
652	174
328	658
968	362
561	192
310	352
267	569
689	387
435	797
1	283
24	889
382	223
407	931
164	984
52	786
778	98
778	915
822	197
936	245
995	687
575	159
831	832
575	178
109	802
301	492
168	637
644	516
78	58
466	654
526	921
271	314
823	227
529	30
339	764
596	186
543	15
475	44
251	160
429	377
372	439
186	498
72	720
227	3
557	538
35	661
502	513
711	138
417	884
672	482
659	887
79	654
477	480
785	507
27	461
126	585
639	85
988	271
535	681
881	576
156	350
41	101
300	667
28	287
523	21
3	413
938	34
366	830
645	141
270	489
815	951
819	609
815	375
927	486
14	609
829	403
534	3
823	100
128	193
679	681
405	391
146	294
669	821
190	538
571	640
795	619
972	412
998	786
192	696
220	30
874	90
208	332
228	0
9	175
886	232
262	532
640	526
806	767
588	546
681	798
87	379
210	914
142	909
161	919
325	813
372	211
414	270
951	443
261	345
405	412
347	989
296	738
777	138
613	622
562	764
14	697
735	320
197	879
601	196
5	109
798	205
176	512
231	697
27	65
473	260
432	929
269	179
704	132
916	681
912	217
649	904
49	92
552	509
634	687
721	161
707	964
392	834
709	534
774	626
489	824
249	215
40	747
367	180
936	473
936	44
434	564
260	170
57	2
478	754
292	91
265	425
233	913
118	267
925	727
409	611
308	521
473	523
543	580
918	916
243	378
445	435
893	168
870	467
407	763
790	380
212	471
810	971
810	345
974	197
178	631
898	739
598	128
400	659
762	650
930	729
104	734
366	415
293	549
321	25
781	500
334	481
674	344
753	156
602	787
603	958
629	608
694	949
698	359
780	742
606	74
920	430
839	838
858	324
270	864
60	951
521	758
959	612
420	543
964	33
294	326
443	129
871	401
662	562
396	18
811	122
661	565
166	832
596	266
355	265
212	270
559	943
973	903
422	251
510	471
279	464
170	826
969	627
495	16
688	347
443	403
870	35
497	44
898	620
618	949
386	218
356	819
639	262
740	170
588	691
549	770
94	938
417	98
387	687
283	526
3	416
425	464
422	94
778	2
795	617
741	57
724	363
581	215
980	126
546	426
883	534
838	791
609	132
663	758
686	957
500	576
913	660
588	91
68	526
203	399
919	299
966	534
337	583
275	708
160	123
529	60
867	784
563	99
894	744
513	975
817	611
244	399
46	367
781	167
53	122
587	507
743	586
672	119
540	2
887	121
334	81
532	154
135	595
818	574
5	145
616	902
918	830
865	640
984	337
455	450
158	346
30	779
887	324
304	31
399	415
464	937
541	512
831	174
81	120
922	204
918	594
419	113
810	353
826	726
360	828
953	533
76	475
685	259
76	675
347	541
402	469
277	472
160	791
826	720
961	707
783	889
794	638
225	263
982	18
860	531
567	299
115	132
62	599
799	768
247	475
700	24
44	865
565	708
751	465
440	530
564	678
26	522
97	31
291	595
174	653
364	102
300	791
724	690
675	754
5	162
965	131
442	664
306	449
596	51
329	495
651	970
608	411
696	138
773	381
40	990
823	726
711	843
94	487
966	993
720	682
108	976
183	139
616	23
67	479
783	684
492	327
211	110
473	375
918	683
618	535
436	235
12	239
435	156
288	358
510	489
583	134
85	347
946	30
118	868
816	901
646	620
463	757
82	219
31	391
512	437
462	903
707	158
181	970
334	877
526	422
121	777
289	895
723	115
470	256
893	218
988	558
727	989
327	738
98	451
39	988
237	14
646	544
81	787
750	589
800	843
307	327
328	627
132	924
83	643
148	275
458	833
719	744
184	608
903	541
290	252
749	184
512	170
6	349
993	195
65	210
114	926
78	535
386	636
82	609
138	490
842	873
592	646
431	957
766	296
873	663
203	888
27	27
95	997
294	339
852	54
288	140
316	901
500	847
20	29
481	897
217	852
923	605
990	368
532	101
835	781
756	601
886	165
367	299
169	582
903	869
312	270
775	295
898	107
620	484
375	857
38	226
799	310
964	35
782	818
977	711
817	324
472	321
521	340
903	17
595	525
844	109
313	71
869	389
644	648
789	313
547	247
418	263
235	439
473	205
755	826
643	31
8	89
393	344
748	594
309	612
994	547
324	380
707	913
699	807
900	674
822	878
996	48
1	748
54	633
898	892
112	121
545	53
975	722
810	170
644	239
618	684
309	891
462	699
32	326
200	709
718	865
368	511
741	160
655	400
459	907
915	701
450	728
893	651
579	188
804	457
314	744
83	242
573	151
440	147
446	665
767	115
422	795
812	331
301	730
368	965
302	464
424	773
458	22
372	210
443	289
187	337
144	389
188	896
742	439
481	344
223	19
853	753
90	883
772	550
815	874
713	171
33	568
32	765
207	446
738	340
24	713
402	761
216	505
711	844
36	104
438	370
181	48
397	716
5	508
705	307
372	170
560	638
858	289
388	175
734	538
965	283
659	900
995	779
892	807
439	416
101	133
850	993
347	223
644	995
353	583
79	37
564	775
999	111
959	688
637	857
501	90
627	421
599	812
566	468
83	699
9	475
120	420
164	704
736	607
73	918
307	399
503	565
568	609
700	638
996	578
820	135
166	123
22	286
376	651
557	397
981	647
734	620
291	262
69	425
622	413
929	539
566	838
399	607
818	534
33	767
250	909
213	927
226	907
941	287
740	27
62	697
91	675
300	72
492	786
17	693
724	326
474	72
185	65
162	909
953	969
403	459
316	134
727	366
873	504
258	559
284	326
764	412
647	356
610	882
670	921
484	124
996	598
858	39
922	240
119	878
633	345
812	600
69	294
350	946
632	998
814	245
222	288
769	573
33	627
819	68
25	35
332	944
12	781
16	805
499	898
763	118
102	784
134	129
443	534
917	332
573	955
353	260
983	521
676	617
621	149
773	694
69	424
39	368
602	877
273	647
167	892
105	387
327	735
716	607
402	362
676	878
672	671
190	767
9	939
665	94
273	354
915	871
189	767
488	25
374	651
563	565
689	231
811	465
673	888
670	152
614	705
259	406
48	949
617	679
288	159
307	912
320	352
669	270
727	880
320	361
736	921
513	424
102	52
428	554
422	381
194	969
593	499
723	855
223	307
687	991
383	380
182	342
620	311
608	74
783	419
62	734
904	320
363	629
979	477
445	860
872	874
92	875
173	226
793	562
312	351
857	266
730	306
292	722
862	634
392	482
520	443
249	962
725	985
907	630
221	44
604	274
290	294
629	864
376	368
414	440
90	251
760	106
635	539
486	803
305	209
230	288
195	147
743	260
40	62
205	365
592	299
732	224
612	429
926	782
289	713
435	787
736	324
497	644
849	67
91	250
67	949
675	27
916	120
814	202
966	452
914	436
878	655
57	482
932	939
676	534
30	181
57	447
160	243
740	49
79	261
463	438
541	970
260	385
96	644
592	149
825	670
442	863
3	326
885	229
903	926
308	468
63	691
542	303
70	703
977	834
711	825
310	408
166	693
359	117
922	760
355	458
160	41
421	743
82	148
270	48
243	796
796	474
457	134
162	480
638	703
916	312
959	270
226	273
716	32
310	277
813	116
206	608
897	960
179	494
861	848
312	412
473	379
987	817
548	561
740	97
647	469
835	580
379	46
573	492
640	553
304	881
411	166
495	79
984	123
125	706
627	0
448	765
346	530
394	375
283	516
903	862
376	370
706	285
680	684
522	304
864	26
997	51
701	494
214	533
155	733
668	70
614	474
417	670
400	596
385	645
985	685
43	396
616	465
500	167
3	897
342	683
175	277
194	834
327	39
722	563
43	147
829	167
976	544
620	738
522	467
181	410
681	114
611	850
207	243
47	417
262	600
405	607
803	176
439	404
29	500
630	457
693	634
330	251
720	751
37	540
571	195
200	627
283	911
848	340
369	269
357	697
482	32
164	99
881	673
562	451
729	119
719	393
180	125
747	568
455	689
755	965
438	493
617	353
330	316
353	938
718	511
479	929
921	269
351	703
489	241
324	381
897	375
838	868
636	56
155	214
534	451
646	628
538	451
949	812
664	715
89	839
912	615
759	911
479	952
264	166
563	499
902	354
567	199
903	266
854	328
687	616
665	540
432	319
176	36
867	743
640	180
738	48
766	18
183	454
602	867
816	464
471	970
629	8
239	483
691	805
29	994
248	975
68	847
730	867
797	814
112	573
858	120
729	463
296	301
27	527
286	894
598	469
118	205
131	235
554	34
472	668
967	175
894	849
466	238
194	882
825	573
985	224
270	355
692	643
50	708
521	978
369	701
256	617
239	331
747	940
13	547
273	493
154	323
823	536
384	939
113	486
221	430
161	826
524	679
706	360
144	638
107	286
143	761
935	146
797	45
579	522
896	601
697	515
7	448
155	50
9	743
438	920
116	969
676	610
516	473
322	468
962	476
109	741
275	596
929	117
773	351
574	685
632	935
791	840
539	58
890	88
124	940
922	763
939	605
381	293
874	183
356	600
5	611
534	214
990	552
311	330
937	448
890	810
594	722
563	324
518	522
893	400
820	27
887	426
39	817
21	392
643	428
147	883
461	407
556	745
949	830
113	854
0	21
268	725
436	123
751	618
963	96
781	936
752	933
814	497
826	598
548	293
798	939
611	499
352	135
982	316
684	738
80	614
356	675
494	187
78	789
255	588
940	719
27	288
156	656
510	538
455	325
21	347
749	95
526	49
869	166
349	353
874	923
54	9
982	134
492	656
707	225
392	700
214	758
739	9
209	173
865	298
73	808
925	934
40	618
420	72
864	274
136	890
279	618
431	419
308	896
397	369
245	479
461	120
86	347
174	946
14	292
457	848
652	184
321	392
757	706
958	276
959	730
400	941
154	882
550	492
617	638
828	661
568	566
999	992
9	321
117	354
367	332
149	555
420	13
836	955
722	855
577	786
722	247
587	570
203	829
862	795
278	692
984	929
545	856
386	98
230	451
404	823
405	922
480	224
37	7
308	381
575	708
734	733
222	761
345	605
697	845
721	108
935	728
75	653
403	52
360	367
427	111
71	493
317	883
705	268
57	194
119	772
942	501
715	75
66	302
288	614
919	15
696	134
825	962
332	24
576	173
862	630
616	14
51	69
678	146
419	691
212	455
72	663
572	874
514	128
772	402
579	835
109	156
644	374
997	878
901	626
113	74
430	820
417	844
486	674
281	690
747	597
237	849
295	332
71	84
860	693
207	143
458	165
965	876
419	574
972	641
216	437
718	404
852	891
164	616
773	93
529	600
331	805
453	133
399	93
126	975
443	729
324	515
709	872
851	44
581	885
987	541
518	78
333	23
285	635
491	78
620	54
553	167
215	143
110	791
79	990
737	116
754	818
192	873
169	541
962	723
15	851
771	689
775	382
767	829
251	570
31	46
282	453
772	835
277	543
481	339
603	641
609	303
694	385
904	316
596	872
254	694
446	621
12	353
504	275
66	661
198	826
354	160
923	281
940	696
926	69
243	935
754	935
929	705
32	117
370	362
954	734
543	967
535	531
99	296
487	59
316	692
334	519
242	283
550	981
738	115
925	552
398	497
180	553
969	500
57	158
249	96
250	332
578	870
301	657
989	32
258	431
242	812
447	42
922	895
491	802
480	354
758	59
43	498
19	809
824	57
740	536
838	941
839	60
482	115
432	652
610	769
635	275
697	19
361	809
555	251
892	162
149	167
481	845
233	143
878	791
426	98
836	805
575	736
457	457
99	443
188	676
895	751
161	86
831	364
251	285
594	178
182	440
1	443
817	652
734	260
523	98
69	785
185	268
666	30
64	108
148	512
9	566
63	442
980	426
794	763
621	283
799	999
299	303
827	422
684	988
620	769
471	542
616	475
498	703
643	470
343	177
22	394
300	376
978	196
149	338
848	471
85	612
522	112
135	558
465	286
552	91
375	882
169	186
351	502
504	344
826	929
319	848
43	574
576	272
667	168
750	177
126	674
814	662
537	804
827	966
745	638
92	755
644	6
441	840
240	344
587	984
990	675
137	867
303	827
193	496
296	940
249	909
266	449
691	49
650	763
242	204
123	701
565	627
418	206
773	954
534	876
493	246
630	396
314	948
770	716
702	613
923	715
422	568
443	355
16	344
596	203
737	42
206	702
977	547
869	609
882	364
674	454
996	272
381	464
504	171
306	561
408	517
871	243
70	215
168	324
918	962
332	647
749	893
337	435
162	431
481	843
630	840
915	997
441	298
607	905
357	769
389	255
536	144
425	953
763	399
388	982
214	750
347	23
834	316
964	939
67	612
540	215
194	131
252	535
257	892
356	238
144	640
518	817
981	434
568	175
128	147
435	335
768	659
394	757
566	231
810	79
300	151
220	754
538	936
498	676
491	271
600	947
1	408
35	884
804	797
594	810
582	461
207	312
407	487
272	214
736	60
370	672
163	15
19	568
712	22
953	739
297	532
481	89
224	483
575	671
727	896
953	920
638	74
394	600
762	507
865	193
623	249
888	249
272	665
711	967
596	490
213	218
956	56
514	272
832	915
958	399
845	815
214	507
745	165
234	678
701	521
385	310
102	741
452	221
528	794
909	642
417	676
397	460
279	783
646	655
762	286
660	353
898	977
832	817
269	759
489	829
874	99
36	492
902	56
356	214
39	531
745	280
657	609
841	820
699	916
981	823
125	365
749	993
743	119
454	188
133	211
955	362
52	438
163	440
696	329
194	295
149	384
973	635
756	43
646	613
230	867
895	52
976	381
279	763
853	92
715	409
170	2
264	468
533	367
393	427
538	116
930	976
784	423
138	322
630	544
931	770
26	887
513	25
583	295
463	964
520	789
585	799
542	663
26	21
221	534
803	740
632	189
231	427
501	685
394	300
942	209
886	921
713	585
828	341
699	598
417	818
350	313
390	294
603	226
124	159
386	274
312	333
86	190
523	624
340	901
571	454
488	350
166	178
854	810
913	134
319	209
737	684
158	686
597	633
622	216
881	934
172	493
967	658
337	748
41	112
965	586
162	608
721	529
637	283
645	920
404	435
27	456
431	494
294	961
804	434
221	56
28	106
399	153
484	139
330	763
885	46
118	246
669	365
736	579
453	516
295	352
425	900
82	861
938	618
249	619
464	247
120	923
435	322
341	616
188	405
879	424
873	255
982	177
652	794
622	811
390	461
472	319
931	737
852	945
381	734
808	116
383	122
390	312
835	135
201	584
917	102
358	589
213	1
297	276
30	167
355	310
592	1
455	491
805	741
856	46
692	157
91	999
793	44
322	64
121	503
80	943
772	823
734	193
533	632
865	46
852	655
84	927
76	926
112	905
30	49
915	50
400	366
569	712
304	730
935	572
39	218
718	179
307	139
684	567
444	388
936	369
776	143
929	75
170	156
878	507
39	328
83	398
743	464
738	414
20	106
213	78
902	442
855	408
779	763
971	694
667	713
725	358
497	181
668	947
309	781
94	330
664	671
89	179
512	129
10	856
484	397
663	40
483	980
769	324
603	611
519	317
667	125
193	21
62	840
75	648
507	405
557	468
406	54
240	723
608	155
521	903
527	112
653	798
361	711
227	822
953	827
449	961
543	595
224	56
306	645
33	125
920	631
926	106
526	125
589	105
244	456
715	199
783	410
991	385
126	316
463	70
18	846
966	972
334	952
909	879
239	968
800	676
828	924
248	432
276	989
413	694
49	251
71	827
666	282
104	7
57	366
192	81
803	105
694	702
746	602
795	22
890	538
147	902
197	593
188	3
786	948
294	476
497	116
787	943
55	554
712	448
859	44
304	69
256	723
118	819
716	349
44	733
966	551
462	482
561	747
511	728
425	166
134	545
691	266
60	579
139	513
140	10
644	489
853	32
47	752
5	716
891	861
784	125
965	526
826	442
578	211
538	440
113	762
186	70
571	245
574	735
152	971
607	762
249	538
51	189
517	553
731	597
451	392
674	954
970	425
590	482
327	906
161	360
706	322
636	727
920	791
19	28
363	136
152	733
574	691
535	887
716	844
417	1
275	790
787	176
946	457
437	823
357	335
720	481
974	207
77	132
492	571
428	604
562	998
711	973
336	935
592	800
36	804
182	66
943	207
1	361
768	416
186	193
14	61
976	251
135	374
294	572
451	984
278	619
787	638
52	142
451	42
653	551
887	5
900	944
552	255
396	991
946	22
718	539
504	495
348	641
911	416
302	208
498	877
355	899
148	195
142	146
642	378
316	60
500	215
972	680
80	395
472	263
396	659
750	123
810	111
997	882
472	819
574	678
838	674
737	255
964	106
209	283
265	925
334	376
65	405
868	911
81	638
49	184
887	614
820	37
960	317
112	488
417	787
265	28
156	596
885	143
396	229
917	740
701	66
42	967
715	225
632	79
964	739
134	471
182	709
88	185
122	620
216	627
970	327
222	150
263	143
754	568
568	414
234	19
183	718
799	400
315	745
322	988
692	134
627	585
832	872
814	125
660	869
998	981
290	926
14	8
48	1
441	387
210	311
852	143
193	401
885	292
173	988
779	126
5	326
659	455
877	80
352	727
417	737
801	482
483	793
58	844
505	886
332	692
393	987
802	288
223	192
309	512
505	728
737	461
527	180
705	896
804	62
432	558
562	770
926	53
554	266
63	441
408	461
420	214
250	703
377	608
896	589
819	610
344	794
315	44
409	704
448	513
203	246
968	559
670	44
5	935
73	386
603	520
251	587
996	655
666	848
728	205
687	4
982	823
59	521
391	544
942	610
677	339
484	809
24	988
742	969
830	541
922	278
769	881
15	564
599	868
727	932
938	596
945	623
227	645
325	797
442	570
151	415
447	377
534	751
280	690
414	149
606	865
626	242
687	580
166	358
674	744
325	396
111	697
563	391
8	242
35	498
375	723
751	731
982	689
767	870
582	759
488	768
733	549
521	214
692	150
77	547
557	313
791	287
333	571
22	797
523	373
709	233
501	119
190	664
86	702
605	964
640	124
104	202
191	767
653	763
985	260
415	656
304	411
870	163
401	893
577	120
610	74
253	209
862	145
237	196
532	508
945	871
762	779
959	403
513	902
608	321
822	275
775	4
469	590
824	437
321	742
717	132
590	395
145	166
481	166
235	0
897	363
397	884
381	64
203	31
819	434
636	991
243	484
895	379
525	276
416	695
858	527
362	351
506	547
529	404
370	276
932	821
259	749
1	425
575	805
56	628
973	129
745	980
739	140
402	927
787	157
901	49
109	996
546	5
304	851
460	8
977	27
84	693
983	650
465	133
682	699
673	274
741	957
804	972
284	699
863	148
513	468
611	888
585	686
745	85
841	131
895	207
966	594
226	129
61	320
584	747
617	8
571	754
419	202
17	832
858	472
313	848
941	108
349	348
176	947
196	831
451	485
548	363
386	964
892	275
266	519
644	48
649	336
468	635
809	398
123	122
291	681
530	37
684	250
651	233
22	208
217	715
566	296
733	246
790	859
604	683
852	197
59	67
112	745
374	870
858	942
186	219
32	339
610	703
131	329
762	869
902	680
773	622
598	702
204	410
103	319
878	397
148	116
158	9
898	796
424	454
509	67
864	486
894	324
483	933
468	835
585	208
810	638
416	408
749	798
290	513
546	524
310	617
607	795
861	388
266	261
310	835
598	672
452	750
806	202
197	909
642	409
670	124
490	38
780	410
325	72
128	757
304	106
269	169
850	333
634	237
514	601
730	264
336	921
804	570
830	429
463	694
967	81
12	727
96	803
519	783
327	554
127	623
205	188
524	481
43	778
558	592
924	641
980	689
413	23
701	505
665	553
166	271
947	316
636	340
61	774
76	839
499	684
151	755
921	828
102	75
10	410
316	313
691	793
750	199
20	156
213	871
607	793
664	952
706	572
186	687
707	931
254	795
599	921
826	243
259	989
460	130
190	128
349	972
234	250
212	939
749	788
219	920
482	508
602	189
467	643
776	778
568	807
984	313
628	381
352	384
924	224
434	778
217	349
449	13
884	879
972	290
231	95
335	512
659	573
68	964
543	77
348	290
52	432
154	478
456	887
32	442
364	437
907	950
400	729
467	363
20	601
149	365
504	331
367	510
983	345
195	374
866	480
668	400
806	418
947	293
997	274
652	160
263	284
991	671
984	142
555	167
234	421
317	28
510	806
897	996
285	370
189	961
955	520
819	432
451	100
41	457
568	677
739	472
462	47
783	989
67	320
751	232
303	232
25	566
867	285
355	308
936	721
373	230
675	671
740	630
184	967
459	44
70	765
98	532
358	367
824	957
525	532
43	123
574	261
648	524
819	350
388	115
310	386
282	842
115	919
289	524
384	283
551	454
164	283
52	893
846	96
47	96
519	109
401	646
166	381
922	364
626	779
667	775
54	906
765	93
682	624
787	213
213	124
817	705
942	587
413	125
268	553
511	334
766	80
653	557
555	988
856	333
484	476
44	744
885	96
965	1
112	904
448	653
539	14
768	351
157	546
883	653
276	881
278	912
746	773
128	357
797	255
382	318
206	457
670	700
571	742
659	413
106	274
119	751
624	645
102	282
297	465
967	205
494	674
820	86
994	217
387	899
225	490
801	531
748	413
671	671
377	296
943	377
811	331
125	635
784	716
209	144
136	300
88	301
954	363
990	446
897	357
790	176
259	747
175	175
551	172
813	76
902	698
833	739
986	286
475	739
580	783
136	168
650	58
77	775
655	293
570	293
526	860
592	822
621	935
351	1
986	292
812	54
495	53
906	183
790	303
373	400
476	567
85	5
149	989
868	137
172	189
54	249
323	875
12	586
581	899
951	118
471	581
444	726
741	419
881	708
412	672
716	792
851	779
171	834
167	576
856	528
221	250
742	613
171	37
322	619
957	114
515	300
756	722
934	445
312	37
901	446
32	26
864	663
463	803
934	220
870	619
808	106
667	723
493	437
676	540
568	766
385	185
651	123
530	56
191	691
320	233
976	716
553	480
630	108
320	309
707	738
811	637
558	763
993	892
920	362
409	974
985	420
776	682
730	641
564	553
210	482
445	832
343	953
957	570
960	88
225	133
940	526
457	236
819	886
844	399
916	520
237	602
453	545
29	594
576	357
56	951
812	118
526	800
638	163
613	937
86	158
54	255
233	250
509	23
524	183
646	839
671	29
334	706
182	892
412	182
714	753
663	543
509	175
860	679
91	236
28	883
997	814
679	795
991	901
475	641
629	456
952	569
870	504
442	457
323	349
437	664
583	68
401	402
106	187
163	236
104	772
842	456
928	349
729	825
561	969
337	384
147	483
48	4
546	411
879	551
829	647
339	412
100	969
40	928
858	546
423	371
344	107
808	600
420	420
274	315
197	873
111	407
75	350
44	122
841	776
538	270
351	308
614	418
941	303
730	548
618	794
210	548
310	13
784	26
566	50
769	159
626	650
450	626
796	621
687	593
725	61
827	639
106	823
312	447
816	233
117	464
149	883
603	771
516	118
982	167
795	390
838	530
907	248
773	192
618	375
402	888
994	227
626	968
45	826
21	408
430	800
187	575
974	542
431	684
987	454
503	564
740	168
886	160
470	879
628	785
508	859
617	200
16	799
747	912
407	706
595	282
425	418
125	323
757	891
718	38
286	760
893	171
777	722
934	38
466	114
897	508
826	395
759	526
918	86
488	982
971	739
815	408
919	837
906	476
538	514
405	143
698	466
153	240
641	753
318	140
376	292
379	672
676	403
457	359
241	136
714	116
361	979
290	298
537	779
399	880
925	670
850	462
189	644
331	833
874	38
198	162
313	141
17	625
301	600
817	874
222	734
365	785
253	873
257	774
79	304
378	52
358	888
399	630
267	909
467	462
1	898
319	598
53	434
793	650
251	208
389	954
138	917
480	312
298	737
604	939
493	376
624	477
768	14
815	660
504	767
688	753
378	462
988	588
644	741
892	434
140	502
394	688
286	902
582	442
613	371
307	575
375	811
230	491
839	23
105	779
560	745
912	0
128	324
185	954
964	640
622	228
859	56
662	972
480	894
66	978
106	920
660	947
216	763
731	901
324	509
16	113
513	444
748	70
730	228
101	715
808	508
332	831
233	412
250	749
200	211
721	887
180	174
626	580
515	345
74	289
515	328
154	265
860	927
951	957
662	308
369	896
420	256
127	163
154	453
144	539
523	263
153	201
366	286
771	60
531	219
681	306
722	593
535	23
578	16
247	368
881	515
177	444
292	842
37	983
658	896
221	779
467	327
251	440
747	879
544	588
992	132
728	971
987	993
610	494
480	564
282	529
416	97
730	326
751	377
239	912
979	38
804	333
274	394
684	951
7	769
548	925
52	134
687	206
488	798
565	805
393	564
515	530
98	513
695	486
890	680
362	801
179	559
485	210
517	949
368	660
224	331
782	403
462	107
997	374
558	313
401	334
49	638
675	54
949	600
311	220
72	134
138	949
981	725
219	27
363	44
350	123
333	424
827	457
839	304
243	583
926	914
757	31
729	889
361	632
110	927
758	93
56	784
311	491
931	756
846	627
268	365
527	763
102	465
666	153
349	457
385	868
362	64
281	805
19	684
919	582
576	12
668	758
267	165
212	885
785	920
882	503
244	538
679	394
934	206
24	521
867	320
597	646
793	392
815	747
269	437
430	346
906	79
572	550
431	309
316	417
533	839
145	701
671	829
258	762
927	880
549	752
916	621
276	205
854	775
582	631
204	712
174	281
696	213
235	440
283	829
298	390
37	700
384	239
821	993
203	152
763	39
942	164
409	690
694	354
59	806
989	283
503	480
607	44
334	914
434	80
814	684
0	766
38	682
916	597
444	579
274	142
957	945
280	784
197	80
455	899
451	632
413	870
962	202
427	429
613	268
225	962
224	577
20	689
381	878
28	460
393	626
768	528
672	324
956	180
941	281
857	479
529	215
511	207
622	37
56	347
249	60
933	58
512	863
780	894
526	799
782	581
94	657
181	916
552	169
959	568
973	21
631	342
668	80
603	31
37	567
817	654
837	485
421	231
447	329
318	506
821	926
724	883
196	939
253	491
864	907
289	18
771	737
914	939
378	706
62	702
157	804
421	119
279	614
79	505
525	255
850	406
564	887
240	871
840	435
732	312
420	19
570	828
677	552
199	250
129	28
90	587
513	857
819	45
511	73
822	824
372	805
328	436
368	743
724	835
4	522
805	769
248	668
374	987
85	991
979	762
100	788
458	671
879	538
599	258
140	511
883	103
4	902
395	830
263	266
851	226
737	763
74	675
774	383
825	747
886	818
515	798
313	8
176	571
252	14
948	788
404	937
824	74
787	316
97	214
334	109
513	876
981	460
593	359
15	861
429	519
300	299
124	110
644	492
905	22
62	815
435	194
296	957
83	296
835	552
102	643
690	650
915	824
421	475
574	253
343	965
887	626
17	47
957	470
424	649
358	523
234	257
730	620
197	692
41	590
797	485
843	243
650	192
356	38
762	903
530	658
479	982
623	193
999	176
617	884
770	160
917	535
577	910
289	818
703	148
204	673
892	76
329	536
572	109
39	729
58	330
545	934
670	545
306	320
890	647
728	639
271	937
519	233
772	440
787	361
840	85
816	600
339	74
978	656
468	610
68	915
648	449
133	997
388	996
655	641
39	533
868	573
42	313
623	440
515	976
434	922
176	109
661	637
346	804
352	761
503	789
596	635
120	29
893	556
383	978
954	98
424	636
104	82
181	279
514	998
414	178
91	248
276	950
871	434
146	426
3	814
723	379
706	903
198	591
216	795
485	804
70	347
883	756
942	378
249	191
316	883
581	233
182	785
785	254
464	106
219	892
852	510
103	928
507	370
670	78
667	560
475	371
362	35
149	342
693	724
671	266
224	246
658	315
282	174
383	772
805	160
980	702
515	171
801	387
70	79
512	828
361	469
48	814
364	50
252	246
917	473
817	871
976	470
223	567
216	822
299	5
493	395
537	178
178	613
731	522
821	667
995	845
960	639
720	610
712	505
961	837
793	488
731	315
559	358
308	855
761	482
53	509
708	4
896	418
976	12
460	206
969	336
729	10
703	293
925	461
582	191
725	740
11	734
367	853
60	912
887	219
315	397
665	480
425	815
889	583
128	747
644	216
189	591
161	987
161	39
56	985
414	109
511	133
664	485
821	547
248	300
384	881
488	806
852	115
524	582
261	979
597	848
25	631
806	871
385	650
621	598
607	466
414	140
69	764
334	930
285	135
870	358
634	412
180	62
562	59
632	667
511	760
436	963
854	378
658	26
102	728
980	340
350	970
850	597
35	528
576	155
932	787
72	969
651	868
63	413
84	775
986	961
838	980
531	816
517	709
394	416
654	534
914	586
141	886
619	307
516	648
862	988
207	941
191	0
754	521
661	334
701	588
605	152
132	780
128	670
180	306
604	849
792	298
226	623
62	424
764	684
204	779
310	484
247	642
268	989
248	181
473	201
942	922
684	810
188	70
58	384
768	530
908	197
672	308
773	489
37	201
460	780
49	49
961	592
978	517
168	298
14	571
449	58
782	50
346	440
979	876
641	844
891	749
415	35
804	393
675	907
119	356
760	203
516	116
722	515
246	684
3	324
213	873
192	102
238	407
833	656
633	158
710	143
95	237
371	640
518	561
869	646
298	845
365	224
94	506
948	546
497	374
494	485
173	579
121	68
732	790
976	959
959	902
907	163
126	649
936	557
872	324
18	514
740	660
308	335
855	166
14	855
792	971
682	627
189	748
755	689
38	85
582	406
725	73
254	828
387	575
491	369
742	433
940	50
931	272
332	787
231	511
252	949
157	843
727	139
552	378
329	942
495	265
781	286
642	15
683	153
21	38
6	312
869	806
31	289
536	40
486	39
64	777
599	58
621	507
430	857
539	849
614	310
35	589
914	569
239	463
891	384
860	777
773	880
689	997
815	173
468	128
65	150
112	618
461	646
985	141
655	972
392	388
771	663
654	357
245	841
518	32
145	446
524	755
299	607
43	922
919	771
134	570
27	692
207	468
288	308
363	892
936	585
968	841
774	973
784	700
547	105
907	325
443	708
905	783
700	710
891	159
839	900
547	833
855	960
652	558
977	261
338	81
365	809
224	472
281	98
319	111
985	830
72	123
532	494
733	760
569	728
766	937
841	782
370	110
498	89
315	359
815	826
116	410
5	366
99	387
807	375
557	768
954	206
772	492
445	573
286	597
994	576
766	520
206	316
217	207
490	551
605	230
795	93
481	318
222	937
474	285
205	611
60	359
756	93
610	592
817	460
934	742
407	700
696	806
351	190
855	563
637	608
448	512
422	506
287	84
49	681
475	450
130	785
127	872
647	891
803	546
315	766
617	456
198	725
536	235
370	769
646	196
467	68
316	638
69	676
128	695
630	893
327	70
68	315
173	663
352	178
334	583
220	154
858	528
476	916
77	1
707	684
527	716
309	574
169	386
934	297
39	802
987	477
626	893
495	99
373	93
172	212
95	589
783	830
327	374
400	670
255	288
988	561
887	644
12	354
391	738
15	126
413	559
784	393
541	768
893	698
582	78
275	924
96	779
572	285
370	475
645	869
849	332
52	122
683	18
825	655
110	844
128	380
919	247
591	759
119	148
218	791
168	616
736	587
707	232
636	516
280	384
644	881
454	205
663	259
291	236
357	525
306	32
928	945
203	81
428	502
26	353
891	957
2	901
294	702
656	958
402	615
314	989
71	592
983	642
881	290
106	754
149	902
590	524
312	754
726	711
151	682
58	544
208	0
165	213
953	518
482	548
997	801
649	421
927	670
189	472
852	649
811	149
401	520
518	543
157	296
804	70
772	459
44	517
3	784
983	615
901	480
511	151
920	775
439	496
889	918
609	218
756	934
65	688
192	898
858	569
561	869
629	989
620	465
692	224
747	205
796	561
381	995
583	121
955	191
49	991
240	781
474	456
99	568
97	797
13	468
774	558
334	827
808	166
213	336
110	651
709	321
615	299
313	998
144	258
505	792
521	679
571	251
979	457
851	694
133	994
411	421
207	145
137	255
732	9
560	510
229	438
366	189
561	493
299	532
579	487
811	461
542	425
106	571
471	503
782	38
455	793
418	788
876	875
273	605
127	154
195	881
920	163
909	675
601	182
168	682
317	511
597	885
442	49
506	523
891	464
452	868
256	786
343	785
622	20
819	725
741	17
7	894
517	115
113	799
328	484
275	811
557	401
673	571
276	18
827	795
706	496
540	301
357	380
159	832
54	778
358	77
312	473
873	239
246	85
589	703
860	261
165	426
444	912
39	309
820	176
947	944
201	117
384	748
171	937
421	581
677	821
676	272
164	852
510	105
142	639
273	188
149	420
160	900
711	257
540	60
752	78
970	19
227	335
703	659
105	411
122	67
634	50
456	950
885	264
268	997
280	719
864	375
745	361
130	779
1	643
260	709
485	602
382	99
882	918
334	943
745	56
588	900
39	800
117	21
918	511
19	726
928	365
595	319
593	470
454	8
530	195
255	761
959	405
106	676
919	349
61	940
212	872
858	790
795	687
435	843
911	58
99	721
808	952
396	264
25	969
549	978
883	658
383	935
807	688
197	15
742	637
29	651
972	782
66	481
969	708
974	540
903	568
930	744
607	731
432	337
291	794
660	448
493	256
855	855
598	909
275	567
598	435
566	203
618	985
833	99
581	709
886	271
954	312
630	807
439	547
746	183
186	551
100	258
90	873
159	792
220	810
416	869
143	386
47	113
965	96
672	805
653	661
959	652
93	867
536	935
671	933
505	908
453	512
233	108
858	965
113	851
255	840
535	704
163	54
653	718
970	715
221	228
791	413
124	825
777	361
741	999
925	524
445	273
552	722
301	269
553	117
257	495
838	864
655	449
33	318
151	498
722	225
653	323
505	713
967	216
580	248
602	487
594	842
423	317
886	347
808	780
852	766
440	36
623	826
302	903
841	812
691	271
751	746
263	337
383	346
458	999
840	82
10	899
48	789
23	171
525	354
329	869
676	56
808	244
861	417
174	496
758	564
412	477
985	636
831	853
643	422
227	565
145	587
84	78
824	441
892	141
123	833
292	162
17	612
19	917
523	306
134	814
500	695
398	562
56	886
72	199
779	725
535	645
24	469
593	523
325	302
403	376
276	979
658	17
514	42
311	94
430	793
721	443
256	552
758	90
964	41
326	414
5	672
310	214
765	521
168	249
832	941
996	355
625	732
633	321
421	468
407	382
649	178
574	392
610	236
176	241
192	449
721	881
493	756
982	73
534	231
696	324
811	325
619	296
909	803
312	141
452	105
608	697
211	594
759	677
947	278
373	551
735	205
823	847
380	391
99	866
196	693
841	526
185	765
340	83
942	562
861	867
672	593
138	640
127	770
372	537
458	690
177	57
21	621
68	838
497	339
485	538
556	191
371	824
671	182
431	996
450	956
162	918
635	228
854	648
422	575
178	350
802	160
927	854
999	842
40	323
46	624
28	815
43	766
467	753
57	336
206	772
874	632
397	220
244	618
363	211
310	253
978	766
396	592
232	734
909	708
539	402
95	858
254	291
349	158
143	704
464	309
599	621
859	406
351	452
614	604
476	659
343	298
40	370
950	877
441	593
168	242
615	719
404	177
741	432
258	938
472	637
457	417
182	886
714	264
943	994
860	538
637	78
864	824
445	315
91	567
654	979
251	199
642	346
698	378
712	512
795	939
797	271
889	906
538	852
990	542
243	93
725	414
456	515
988	637
85	422
516	759
697	753
75	557
744	855
130	481
745	684
690	957
860	912
134	860
679	89
481	123
879	221
795	851
821	599
605	40
817	384
964	389
118	912
305	105
532	777
605	959
566	664
902	843
334	178
569	909
121	237
693	180
489	938
174	269
339	700
675	108
147	210
4	286
77	406
238	959
938	611
292	985
945	120
655	538
984	250
811	152
678	158
435	615
981	438
576	655
46	940
614	991
433	997
967	932
336	775
700	864
570	841
188	275
650	272
531	788
415	244
420	64
724	594
466	678
239	126
259	905
871	874
792	576
734	870
551	907
993	24
117	789
106	935
787	728
636	248
925	218
49	384
701	147
132	533
68	1
895	154
195	439
825	113
446	694
609	78
332	847
183	168
720	793
254	464
837	865
805	124
519	149
783	260
548	738
584	799
898	365
625	191
310	857
60	3
322	372
715	62
263	829
907	455
20	884
640	52
824	994
339	970
950	63
368	669
529	358
565	676
490	591
83	458
323	844
791	845
627	215
321	224
280	414
669	629
487	743
224	708
110	248
825	66
49	319
690	128
261	380
611	764
222	939
551	178
314	712
71	987
566	317
141	901
443	443
335	288
881	624
306	949
959	618
582	811
407	786
458	194
291	554
859	622
329	839
841	97
117	660
974	744
748	401
91	423
780	555
766	92
160	63
368	939
738	125
340	625
360	811
345	292
394	663
439	531
629	681
904	684
369	207
776	823
658	798
211	781
61	293
101	687
26	169
902	358
857	612
414	697
398	764
500	625
562	455
787	22
476	148
299	632
444	87
943	359
246	112
873	593
710	853
565	397
466	705
926	966
35	756
663	165
775	528
118	222
155	345
632	589
555	864
86	751
195	252
119	943
591	958
634	744
797	467
920	835
864	104
169	9
694	249
338	110
948	744
423	799
161	287
980	127
379	661
854	768
286	735
350	219
518	642
942	852
179	160
495	673
945	880
351	991
538	130
625	403
694	165
436	451
657	676
635	971
549	772
462	191
706	141
360	187
454	238
924	673
645	802
972	798
265	456
380	797
791	999
998	240
341	54
942	879
106	221
247	823
708	790
649	724
501	814
168	609
634	233
178	140
80	845
962	258
862	902
229	320
690	538
768	847
212	765
860	21
135	869
719	689
783	785
829	573
416	261
450	74
39	696
969	756
253	739
504	689
470	242
537	190
511	198
548	881
544	814
896	303
7	782
801	778
50	573
271	925
392	917
557	717
358	15
510	967
667	525
831	639
20	48
829	244
832	544
263	965
145	363
138	36
754	832
442	927
277	750
672	200
673	859
359	77
372	549
646	959
499	331
5	931
568	870
958	4
375	732
499	7
937	65
276	965
486	242
548	603
969	714
727	227
13	416
729	709
910	83
682	363
654	456
469	644
925	699
429	577
774	905
930	947
334	415
382	923
906	953
170	34
923	379
19	524
113	648
760	656
810	129
498	755
47	533
724	943
567	597
586	263
34	370
725	604
120	389
403	341
922	921
296	362
20	773
803	490
944	835
296	729
533	360
634	519
644	535
992	110
877	796
896	12
890	90
465	512
610	302
647	987
676	797
173	445
263	594
178	247
941	709
516	138
541	712
329	30
330	227
25	598
61	125
571	619
851	101
531	748
733	357
933	476
555	484
139	76
106	440
980	57
45	618
845	601
940	722
556	358
150	474
605	464
70	581
920	281
266	236
984	844
456	461
396	305
313	305
284	505
82	98
563	699
661	594
701	258
304	509
887	303
817	575
337	50
772	90
919	28
179	340
941	754
541	245
304	713
478	720
496	505
596	220
838	765
138	350
864	689
522	92
609	570
573	513
97	424
323	510
328	338
198	760
691	935
584	928
99	62
282	834
417	769
63	509
157	357
222	809
870	571
59	800
728	237
7	591
929	786
746	491
409	216
229	11
392	838
947	732
846	828
26	781
304	757
515	421
14	535
524	654
843	389
0	238
948	785
741	470
557	559
779	758
253	198
369	927
309	746
924	956
755	948
818	23
43	174
176	976
617	408
991	246
50	942
397	132
927	389
756	376
900	974
12	819
540	829
877	823
29	825
897	763
490	640
792	575
861	929
446	274
194	172
841	911
486	313
519	720
821	909
623	779
788	643
542	337
586	740
214	832
537	180
688	709
484	233
480	472
270	604
164	280
428	968
687	696
774	831
774	35
381	898
288	961
457	901
468	716
675	862
723	730
134	408
441	854
971	89
60	906
618	180
970	556
18	405
413	254
234	76
205	530
965	100
783	672
806	998
382	514
346	981
502	4
278	712
84	880
648	552
734	343
513	191
606	715
92	289
987	785
634	235
167	254
81	672
759	757
366	699
705	363
344	54
750	120
104	159
394	846
700	620
3	125
940	128
296	759
813	39
929	774
213	44
90	617
689	788
633	121
297	705
808	680
103	721
122	652
344	341
345	774
323	762
902	356
932	381
748	506
590	166
86	819
513	122
265	80
292	221
979	231
218	828
797	496
699	873
740	754
961	953
123	370
82	544
172	546
900	282
878	367
751	1
522	272
141	242
173	126
367	968
432	190
253	180
793	940
737	367
523	14
915	81
411	253
993	753
157	959
500	953
646	993
935	468
109	173
106	492
404	456
311	236
117	411
976	386
172	697
409	398
736	882
630	75
31	504
440	86
899	194
26	383
48	508
192	62
930	624
631	321
1	103
421	526
125	127
27	31
880	15
646	552
219	716
42	624
76	654
216	348
248	46
183	747
566	649
403	351
309	347
311	713
517	989
389	426
959	215
382	977
482	625
208	668
851	560
250	817
102	424
553	445
661	568
75	486
697	524
695	198
897	817
652	438
183	782
361	89
876	194
244	766
911	533
973	86
431	733
855	579
365	449
936	349
323	696
63	615
978	532
255	198
69	937
409	648
692	184
823	713
992	498
901	902
703	944
825	185
220	0
705	651
668	734
265	686
978	125
830	638
119	806
68	362
999	342
196	418
432	559
579	542
824	97
876	621
393	85
116	46
766	258
871	34
49	552
280	891
463	591
113	301
190	185
350	332
581	330
55	276
649	693
544	567
359	362
123	630
236	624
924	734
615	581
392	185
968	72
312	361
18	791
528	384
757	15
283	808
791	676
417	859
811	798
219	490
739	83
77	72
884	776
819	448
702	826
590	112
66	470
902	197
36	362
580	936
694	87
441	868
638	285
748	338
757	388
385	615
139	380
336	791
973	792
833	976
324	173
183	216
976	785
292	938
29	606
822	52
406	193
541	52
267	761
131	638
992	259
648	584
843	501
112	648
875	791
521	913
346	717
371	91
622	40
615	358
561	886
149	348
49	56
391	251
475	965
267	538
649	741
0	566
502	661
939	233
146	446
944	720
882	519
74	970
20	368
206	297
860	921
27	584
795	210
412	219
325	975
542	885
473	732
542	912
420	638
611	798
314	879
273	641
872	381
701	17
356	830
537	187
994	220
365	304
418	866
390	130
405	419
95	552
883	502
724	145
9	436
140	668
428	923
555	408
764	492
554	640
146	833
403	463
622	693
859	686
2	815
358	614
323	821
823	343
781	961
230	829
829	640
913	587
56	742
459	367
918	922
427	603
602	316
287	609
183	560
716	837
462	672
99	76
592	323
843	158
445	543
130	693
613	10
814	793
113	180
641	610
808	436
540	659
805	39
831	30
985	672
847	191
583	789
30	597
117	110
19	265
380	486
374	646
839	936
797	304
58	135
836	717
403	597
788	709
858	933
27	88
748	650
95	781
228	437
659	298
522	256
745	154
386	697
223	681
303	792
601	847
766	678
819	918
622	99
213	452
74	278
84	384
228	426
490	55
695	611
328	543
893	868
248	327
128	488
999	788
323	895
669	687
946	539
331	109
257	580
591	651
0	824
785	322
826	216
640	597
847	539
271	964
429	992
169	697
375	305
147	379
202	822
46	210
537	580
926	68
894	456
532	546
495	405
448	851
72	151
772	961
247	943
12	210
175	255
637	525
836	472
62	63
246	819
245	534
765	794
559	805
467	69
478	552
966	316
355	975
355	869
204	801
357	82
647	335
888	2
397	835
91	418
835	474
809	563
883	506
446	142
972	583
512	462
201	753
138	541
115	595
91	824
144	128
314	373
325	405
94	875
827	210
604	156
806	244
953	95
441	170
102	94
581	469
203	104
775	665
566	343
638	811
318	714
847	149
60	745
473	419
409	125
337	225
142	15
166	686
284	165
602	127
500	902
891	265
518	429
887	797
413	924
91	825
502	29
233	887
167	353
617	964
953	439
929	60
969	60
772	22
812	101
957	144
0	17
18	529
870	535
109	862
66	152
551	838
536	392
727	962
170	670
703	445
889	12
123	30
69	249
774	980
305	729
882	553
831	964
953	457
472	901
134	673
863	37
34	154
310	949
259	436
87	813
759	932
952	990
567	524
622	107
648	579
751	987
274	523
679	96
720	305
471	54
374	94
770	357
795	675
87	349
277	836
518	462
682	749
924	225
722	45
370	74
307	345
710	424
250	502
655	584
215	869
456	830
100	98
325	95
231	517
816	872
36	857
940	164
930	945
290	895
257	339
743	704
861	100
913	714
491	227
374	549
29	940
70	76
418	166
89	670
718	946
620	726
651	845
406	839
822	924
144	400
303	38
331	967
492	665
183	62
43	397
17	243
330	789
771	413
498	911
379	823
185	797
494	213
983	927
70	799
136	865
115	949
906	571
843	957
331	716
764	904
555	345
352	955
440	737
165	184
749	414
552	135
827	307
480	166
241	392
417	882
901	349
608	783
146	339
724	512
132	287
44	830
356	175
57	547
796	296
851	715
0	2
52	731
256	979
920	175
584	805
666	569
696	158
689	414
677	626
123	561
928	134
313	415
342	415
858	747
359	471
629	659
392	584
924	506
826	581
865	805
139	501
335	85
993	802
121	268
787	760
413	738
779	57
640	415
934	93
990	569
974	510
621	92
118	340
589	147
641	705
665	90
133	305
770	117
270	745
883	518
465	995
828	589
756	474
410	982
365	335
705	165
95	5
81	379
235	756
197	970
887	538
318	246
430	599
205	815
181	380
591	316
98	637
104	122
795	460
285	547
517	506
637	311
35	285
238	476
322	395
104	391
51	210
919	626
670	393
524	442
862	933
781	58
822	671
375	684
847	614
842	775
236	448
124	898
791	523
795	32
540	25
638	359
348	927
738	936
90	234
407	5
853	188
546	217
86	442
408	343
209	76
677	724
67	322
568	796
859	135
308	963
424	438
725	241
336	460
114	936
744	422
594	91
535	742
614	894
60	455
688	47
454	875
464	883
737	523
250	872
553	920
223	84
580	16
130	406
946	336
969	330
154	831
93	898
488	100
560	912
434	251
505	942
117	400
375	636
891	754
600	128
608	68
641	592
872	25
749	960
709	597
686	299
772	325
163	334
142	485
448	477
442	393
135	98
876	468
334	84
616	862
161	212
816	208
739	345
330	840
790	905
387	141
472	249
406	717
129	76
458	645
72	846
626	834
479	635
590	494
527	800
412	58
3	177
656	540
927	549
251	872
950	321
865	602
45	337
474	831
212	846
414	201
765	839
191	976
261	620
688	776
843	805
578	726
54	841
644	702
700	334
867	954
906	914
909	185
895	582
858	674
0	128
117	933
889	524
724	741
608	132
166	628
723	658
223	387
638	137
541	70
842	637
508	196
66	433
661	53
771	854
803	448
310	526
131	596
122	633
256	718
174	55
511	153
932	302
923	121
778	447
596	486
658	821
809	998
111	961
39	740
472	918
942	56
454	406
573	765
54	774
690	662
463	868
694	910
151	934
221	345
997	215
905	786
543	238
183	263
974	915
153	267
39	912
452	162
130	963
906	551
64	889
208	385
709	147
138	650
507	612
995	665
749	489
544	850
654	826
14	423
711	953
43	910
587	658
928	428
512	499
832	892
81	281
16	964
667	352
221	190
886	826
103	339
799	677
607	431
184	208
298	104
315	452
348	767
880	751
138	233
748	667
48	416
774	817
578	752
635	443
435	450
650	104
67	960
302	597
38	361
157	341
259	328
736	802
876	402
846	533
523	583
444	898
133	335
224	447
374	672
881	538
896	432
719	652
542	934
955	762
236	465
407	557
541	850
968	154
346	581
372	520
129	219
440	679
333	92
629	384
379	907
972	980
682	495
885	115
554	442
152	517
562	480
614	86
242	333
131	243
180	455
87	207
136	518
322	10
289	479
109	313
387	863
875	22
209	374
225	172
703	409
989	196
973	578
930	991
349	623
281	304
604	365
427	925
42	54
954	338
508	932
167	928
48	229
885	668
313	386
885	804
736	355
966	165
234	607
526	609
12	605
856	298
683	401
687	247
996	865
870	50
573	847
943	706
64	742
347	500
613	880
116	983
704	690
83	952
943	143
116	363
579	766
557	317
995	94
389	34
375	834
452	833
263	541
788	886
95	426
751	865
696	909
690	512
261	195
39	854
503	334
154	18
851	983
887	250
287	78
392	557
863	886
780	374
81	204
96	938
159	859
719	278
607	504
562	241
843	185
399	689
71	443
835	741
980	204
219	42
41	985
249	751
426	743
814	119
342	715
87	206
582	968
43	244
71	937
811	188
209	887
83	122
695	83
776	948
533	259
368	902
210	694
704	440
752	305
595	598
117	151
485	960
896	413
341	279
142	573
924	893
157	798
709	784
878	992
969	475
483	587
101	995
860	166
975	945
817	512
343	799
969	839
939	606
314	10
526	185
696	944
270	855
421	325
541	471
393	32
711	551
370	696
822	159
169	68
417	227
995	274
57	964
994	728
259	781
356	594
367	721
268	340
41	947
795	990
389	738
740	990
169	643
981	129
667	880
183	944
295	126
309	366
786	856
829	649
96	923
61	351
804	569
236	301
822	142
220	55
858	337
170	485
206	312
775	808
430	319
65	651
26	700
700	6
249	279
182	507
700	589
173	832
9	467
737	209
433	340
98	691
205	2
204	926
490	727
210	997
306	948
893	439
696	342
812	403
944	64
948	978
657	344
155	118
634	288
361	267
938	624
45	13
20	458
397	580
181	271
984	197
428	111
757	870
635	824
813	105
586	849
335	584
650	941
192	534
874	22
237	902
295	486
8	873
756	468
786	85
651	689
93	189
733	800
632	799
939	144
249	4
515	764
500	939
14	677
704	585
700	976
182	859
933	974
287	677
867	173
221	476
499	894
941	837
155	586
526	735
649	310
564	804
515	958
418	171
71	846
284	510
9	767
51	203
789	595
534	345
523	689
926	270
981	618
207	560
49	867
74	51
344	825
300	947
658	133
387	137
374	328
912	422
382	538
126	181
48	672
439	978
653	995
855	7
651	328
646	102
954	681
966	296
97	934
900	874
362	205
681	310
406	200
321	119
364	64
917	668
421	105
947	884
905	891
231	626
75	334
755	401
948	955
465	655
896	647
765	312
125	998
836	761
384	408
354	423
220	34
431	220
824	755
574	44
977	792
583	301
503	837
631	108
678	863
631	55
149	134
28	733
533	623
199	135
4	51
240	638
298	533
367	551
791	347
915	889
53	767
789	566
493	338
539	546
485	470
279	551
366	469
604	976
852	941
249	660
88	744
106	388
462	957
792	864
151	523
11	858
957	760
929	265
883	60
558	762
428	581
58	728
24	253
508	839
7	581
176	351
973	351
381	313
436	564
738	408
484	35
890	336
601	995
373	646
815	726
324	111
591	333
799	439
610	444
285	330
639	709
66	395
759	48
721	746
136	270
435	636
139	460
240	44
407	839
229	742
687	306
560	364
333	465
89	904
858	424
832	981
613	910
872	944
883	497
776	418
440	422
194	483
321	919
102	189
499	463
759	655
123	477
467	316
4	423
892	955
8	392
795	738
172	170
884	584
656	185
242	239
44	276
663	45
618	135
684	439
483	53
681	69
242	263
180	787
284	642
534	884
983	965
385	926
337	804
318	139
727	284
895	874
930	774
175	221
115	518
752	322
124	297
21	33
84	718
566	807
600	546
799	403
75	791
60	799
838	611
652	690
321	833
930	60
337	405
173	645
705	16
372	766
810	191
62	57
637	983
943	823
743	757
436	306
437	281
109	232
36	592
684	522
627	989
261	918
960	139
675	199
921	615
21	132
996	385
809	760
33	298
703	997
872	86
947	649
557	726
285	108
244	395
379	35
328	762
684	856
68	571
463	937
802	507
34	750
409	572
287	907
540	65
730	14
779	86
309	144
476	267
876	295
98	246
203	63
82	516
470	159
839	104
824	141
389	427
429	654
765	301
671	297
179	301
638	931
844	800
846	727
631	428
895	528
163	495
229	994
41	853
240	982
320	334
617	370
506	852
383	427
16	357
824	414
969	590
367	460
632	263
76	81
537	813
515	978
373	408
720	511
319	981
899	405
702	335
181	28
692	276
930	958
470	346
871	26
870	423
257	941
423	160
357	989
122	526
47	64
580	978
576	11
132	281
577	885
503	227
832	67
589	528
635	99
682	533
974	195
952	847
25	875
573	13
368	958
722	436
756	124
826	159
728	575
494	554
303	358
536	3
120	211
204	742
138	439
486	995
113	660
343	20
818	306
974	503
241	974
633	516
752	241
803	360
13	597
521	198
715	746
477	136
86	26
990	992
590	868
309	365
425	440
989	391
718	567
319	597
555	307
562	88
37	770
57	30
81	25
988	644
673	890
589	467
212	184
964	132
945	300
725	900
578	780
630	250
500	806
450	443
622	670
92	298
584	432
841	762
139	508
438	389
988	926
919	742
924	573
258	398
604	900
246	896
774	321
477	833
694	873
619	5
370	260
362	645
621	469
37	433
461	608
426	574
461	782
880	213
884	86
121	455
248	377
710	551
702	780
826	863
994	135
982	94
980	719
539	654
142	159
248	845
599	564
568	329
345	811
896	501
294	200
726	906
437	165
953	975
788	212
153	437
909	204
396	654
305	294
429	824
700	580
542	97
792	866
985	343
801	694
975	479
986	752
769	579
676	952
976	15
842	490
504	3
6	335
581	409
496	431
606	343
465	682
487	36
182	14
162	489
236	380
868	569
548	936
859	93
609	563
985	447
213	942
256	787
36	875
56	908
833	455
389	409
803	324
185	935
38	485
304	598
18	663
843	73
195	586
257	350
542	294
673	224
274	227
927	341
167	490
414	394
535	448
754	870
961	853
705	516
869	543
974	587
711	8
921	977
110	258
590	907
314	536
482	891
104	153
582	616
671	747
225	704
52	197
870	422
999	294
707	928
283	688
62	65
558	909
665	804
487	727
0	767
911	470
268	779
696	497
509	434
470	530
194	896
875	122
319	389
586	430
689	52
502	682
863	78
621	734
889	600
894	911
810	386
535	630
79	883
316	799
135	74
24	227
625	447
958	70
69	391
838	623
131	544
795	36
1	759
926	567
928	579
737	270
610	73
982	401
558	846
565	182
285	541
466	232
598	143
456	924
670	459
110	105
393	983
116	885
564	886
492	127
716	358
935	708
335	626
689	314
519	19
626	859
219	46
276	78
785	112
446	861
473	675
97	673
303	259
189	829
450	852
240	469
243	206
394	596
61	396
223	78
165	199
267	783
496	848
333	375
124	404
342	126
441	454
435	796
631	72
617	358
126	719
851	426
256	751
433	963
950	578
724	907
868	978
7	41
924	918
531	505
426	282
37	502
321	255
578	277
508	791
828	911
219	126
143	440
347	420
328	3
229	815
689	223
732	182
44	62
560	18
312	697
834	519
29	497
767	201
46	822
721	261
69	842
42	876
931	946
655	427
289	809
724	495
633	953
463	502
729	174
912	572
944	920
39	924
315	287
943	144
879	177
704	608
577	352
481	290
802	734
273	627
453	961
27	685
188	226
509	364
938	32
772	25
116	257
484	208
344	928
753	247
416	274
857	158
527	640
472	919
693	584
501	382
260	395
156	584
633	10
16	86
731	110
467	657
684	982
565	663
483	14
278	938
160	489
206	836
336	887
727	457
490	356
140	53
892	100
388	975
239	868
910	605
911	655
425	491
255	379
100	242
126	459
23	784
986	36
195	521
158	983
779	803
862	760
402	427
969	338
477	812
150	170
20	342
693	836
66	427
84	94
963	946
258	75
844	883
716	223
343	185
899	104
723	524
130	283
990	850
810	870
212	334
962	928
448	751
707	829
674	84
159	249
727	934
255	81
526	757
517	751
844	411
593	491
398	647
711	0
680	291
183	410
487	830
145	51
328	931
476	1
794	226
527	828
455	875
679	897
436	261
980	414
470	442
405	736
437	171
633	352
817	509
58	701
961	882
610	921
991	17
426	249
383	846
833	813
226	892
393	911
2	32
341	665
976	288
156	706
329	211
539	610
439	143
985	578
492	929
597	926
699	274
687	403
124	637
914	59
43	996
615	984
480	301
909	494
420	706
376	678
392	109
373	556
378	11
415	427
109	202
863	609
9	198
261	701
132	636
308	411
445	476
196	648
320	260
546	582
115	944
744	994
582	348
405	481
805	864
563	898
998	475
427	648
536	138
311	287
17	516
454	353
931	333
824	256
681	481
468	574
45	295
728	371
931	145
590	960
341	583
924	505
971	122
860	510
123	296
534	968
691	147
743	288
468	71
406	905
1	26
310	731
808	266
869	221
323	201
550	902
14	346
731	318
712	127
555	707
170	660
248	754
212	974
851	682
789	195
186	126
36	2
895	188
343	409
352	607
142	195
460	602
757	487
581	503
576	119
401	937
826	58
960	957
261	557
4	898
749	953
834	849
565	755
797	623
682	374
725	609
586	789
700	694
76	460
483	83
534	682
258	913
58	915
129	611
454	367
787	62
151	904
362	896
357	959
674	939
636	884
299	877
268	928
488	850
251	302
146	661
877	278
496	351
910	188
733	492
630	333
486	742
72	994
85	813
98	981
260	595
35	586
61	287
551	544
924	222
840	613
171	545
712	330
153	733
217	534
926	31
208	934
74	342
804	788
777	589
897	18
574	714
488	823
734	462
836	656
346	616
11	497
907	28
398	835
501	857
305	390
331	390
92	347
33	647
634	459
953	641
624	526
678	787
631	22
264	741
693	230
194	32
533	575
274	433
982	539
419	611
165	248
433	887
657	285
779	804
955	320
968	589
99	45
435	575
926	509
555	56
446	244
630	270
168	891
818	823
135	821
396	36
843	417
296	25
445	556
536	900
587	794
20	851
567	873
373	908
720	929
20	556
716	7
308	232
279	689
342	304
285	658
652	194
728	721
86	965
894	288
333	636
172	741
366	108
267	743
428	291
211	577
82	234
668	406
182	700
344	191
883	247
412	201
464	991
976	402
965	699
470	252
103	11
983	55
864	368
186	311
265	699
888	829
655	144
785	647
509	574
141	95
295	732
614	947
772	768
764	881
667	118
418	10
739	810
808	853
212	153
344	486
337	332
466	490
412	52
477	206
774	555
440	927
890	762
580	55
949	617
266	911
745	806
118	692
429	819
494	828
536	813
840	931
634	901
855	50
180	423
30	185
783	520
297	720
990	589
957	999
613	791
876	244
103	937
682	126
899	613
679	710
933	10
81	820
202	393
87	181
202	17
919	230
817	876
197	789
686	938
457	132
513	833
969	432
858	245
286	439
7	422
178	880
652	234
810	623
565	161
46	317
950	554
613	525
994	502
734	691
356	147
419	558
296	532
855	302
119	637
977	339
253	505
237	736
264	267
525	337
528	892
98	889
740	934
605	55
784	281
695	735
366	247
181	114
445	15
616	84
693	714
713	172
716	647
288	772
203	73
458	18
250	448
847	770
837	264
76	135
525	131
963	922
580	353
185	946
800	217
91	623
60	473
513	160
840	319
770	570
254	160
428	397
992	721
31	588
31	541
715	719
567	586
467	54
696	249
895	260
406	241
41	208
363	214
6	846
594	250
822	369
71	591
330	669
431	415
381	367
655	177
781	364
758	245
921	504
426	722
249	355
340	936
332	771
830	804
553	313
253	576
0	844
361	796
928	41
722	246
513	930
836	541
944	294
69	67
250	544
188	549
798	926
184	199
132	184
159	151
123	208
514	850
197	370
537	256
627	71
504	513
438	340
216	672
427	765
745	453
428	743
515	178
913	730
579	593
250	882
858	268
121	285
666	539
518	649
441	724
662	945
116	346
794	988
261	230
686	383
929	31
438	967
222	760
37	239
81	282
168	713
89	76
289	574
723	530
637	33
738	215
666	603
185	46
381	629
320	418
393	837
231	992
489	63
721	525
137	195
988	215
296	344
32	278
946	922
740	801
79	69
685	827
751	479
779	691
942	146
142	817
483	499
875	625
998	51
750	42
241	635
425	833
443	995
726	86
368	232
704	723
139	221
965	428
711	87
733	217
991	373
991	544
287	581
839	148
621	268
327	828
498	36
579	694
97	670
593	509
532	334
809	588
526	515
660	66
862	553
390	985
314	534
589	807
220	880
980	141
155	935
779	222
337	421
633	441
299	9
304	501
357	643
583	239
62	667
77	452
38	743
434	410
197	680
681	123
501	274
150	736
260	330
120	895
15	793
728	703
810	150
708	488
199	655
766	271
955	183
702	366
457	699
775	989
846	153
974	824
289	816
838	486
865	231
947	120
72	879
611	977
669	221
688	233
982	121
875	993
91	720
900	449
247	695
438	680
46	646
26	348
166	357
50	251
627	67
63	947
655	480
651	84
298	472
169	858
638	554
280	154
514	151
667	212
31	769
263	254
961	401
49	377
688	64
329	26
496	239
316	241
745	134
471	886
223	642
649	526
398	430
840	960
132	501
368	886
261	223
899	657
345	696
331	220
257	605
905	859
985	752
134	293
347	625
352	426
818	699
143	114
873	91
631	233
531	559
921	714
62	157
779	441
27	884
665	994
635	917
370	723
206	597
254	750
489	759
831	756
591	196
902	514
742	452
938	836
408	292
181	147
107	21
939	888
423	408
942	27
307	953
633	614
919	805
130	527
104	290
634	130
1	825
494	260
748	976
698	791
455	603
422	771
163	302
421	352
360	615
335	591
392	359
906	384
499	911
41	26
692	115
770	983
974	243
213	888
964	111
28	695
496	647
781	903
936	862
469	736
295	269
850	794
170	709
912	57
822	350
738	481
570	573
719	196
753	822
453	121
651	955
270	177
109	997
32	112
268	364
450	538
839	817
209	137
40	320
569	782
456	216
907	101
168	785
950	820
788	166
752	291
472	460
262	886
844	679
895	141
780	264
958	760
857	606
341	523
222	537
835	584
132	784
954	709
914	198
293	576
542	145
452	10
560	354
177	895
257	421
178	365
222	71
982	383
691	84
43	335
414	742
347	433
590	610
127	484
919	470
157	331
85	820
987	431
192	445
676	656
337	965
611	339
291	517
611	727
114	274
999	244
545	868
84	945
970	248
654	529
116	58
149	858
981	764
662	498
218	631
69	581
413	922
657	564
336	25
758	99
191	693
132	739
38	862
274	312
120	140
742	126
100	749
852	75
42	75
390	147
799	552
364	747
833	768
177	294
629	859
617	617
571	834
958	898
746	318
666	113
205	23
760	100
204	12
657	409
285	507
120	144
411	204
646	101
408	951
189	358
178	654
545	585
977	562
215	476
295	16
815	104
161	149
474	815
467	230
103	476
552	137
448	858
909	927
486	149
648	887
530	478
29	599
969	159
229	828
990	210
824	488
950	464
893	542
354	42
331	385
473	937
89	912
32	668
582	842
634	677
412	718
692	750
339	431
918	886
911	922
579	377
20	140
535	408
229	360
180	268
220	708
479	437
660	272
544	992
676	659
168	809
161	956
188	752
976	629
832	89
168	220
504	703
610	226
835	368
963	992
928	713
901	368
55	634
593	25
785	804
328	465
337	507
994	860
800	608
708	638
353	136
341	552
983	507
365	351
739	758
742	167
571	479
687	107
734	291
824	265
172	659
184	350
160	31
975	288
698	471
585	594
959	407
450	971
571	602
585	400
302	852
761	17
454	718
159	804
779	280
810	606
550	280
166	1
585	908
352	472
512	835
267	733
92	880
841	881
895	225
240	584
230	167
874	561
122	788
714	600
717	139
412	257
535	512
15	832
332	289
244	540
881	137
518	242
556	856
516	581
684	161
344	345
926	909
879	890
443	420
891	958
584	123
135	691
296	818
136	173
777	338
439	136
491	458
982	893
519	849
752	826
103	478
431	888
42	657
102	247
591	680
584	57
129	795
332	60
824	448
927	583
782	921
55	936
403	683
563	980
821	76
863	511
912	188
941	737
753	963
247	590
182	662
146	811
160	437
212	713
306	528
643	570
964	945
612	678
677	243
856	58
777	569
779	536
161	120
125	790
743	553
385	967
949	31
663	352
860	944
55	479
77	947
696	898
659	225
297	972
666	877
128	699
892	894
684	310
332	588
98	921
976	73
110	955
320	727
659	116
377	439
872	421
733	629
52	523
109	109
280	476
589	169
438	309
626	964
306	552
848	336
652	827
419	193
585	703
347	54
659	189
903	626
867	766
843	111
647	173
570	357
578	698
964	505
401	94
830	41
16	265
77	241
379	477
914	784
693	567
186	406
257	560
40	686
423	249
137	305
262	604
990	642
999	783
570	623
473	436
50	802
982	796
654	831
687	207
328	355
928	463
801	325
315	186
451	300
325	685
54	19
501	917
830	177
729	467
795	620
623	644
482	364
64	689
592	446
757	215
857	374
928	169
882	972
575	81
243	382
159	839
240	928
199	761
600	702
545	524
126	583
441	280
846	298
871	554
204	42
443	885
558	132
633	199
616	541
184	164
389	256
652	168
715	997
237	693
462	978
46	756
316	389
336	32
580	322
262	292
224	586
145	975
414	211
770	736
796	665
428	311
402	341
593	828
173	36
503	704
2	348
927	275
61	961
443	57
825	826
282	645
439	536
708	248
300	683
875	421
448	763
847	231
330	761
512	957
589	476
13	78
88	615
751	312
125	534
54	237
368	11
69	877
800	631
950	14
406	349
176	107
735	602
851	630
134	469
706	970
191	66
867	976
886	26
717	95
21	548
31	378
632	968
515	39
618	632
660	29
264	665
223	715
381	300
177	217
543	465
362	286
549	247
872	166
362	655
241	706
897	56
158	170
993	509
388	711
575	561
277	204
900	25
246	176
861	497
883	687
594	876
776	5
639	503
240	874
251	153
700	120
269	362
645	254
501	899
684	129
10	361
78	856
660	863
244	5
806	439
934	959
735	343
737	852
877	875
488	259
933	899
257	983
181	627
406	674
820	32
139	487
308	702
113	290
635	788
872	763
476	787
550	54
890	124
319	702
579	223
731	532
706	668
249	782
180	941
343	568
958	540
162	681
732	911
379	601
441	525
346	441
108	173
511	143
973	75
328	104
636	137
448	440
329	989
731	298
386	550
317	39
244	228
948	823
206	2
147	882
90	983
57	25
755	680
613	526
621	59
798	994
593	196
576	312
270	708
996	428
80	730
783	11
491	936
52	926
645	843
93	9
676	616
321	335
572	111
536	327
112	765
582	470
719	999
758	687
66	626
348	934
555	162
420	699
47	991
536	242
866	620
171	267
81	168
744	944
109	711
312	72
245	705
111	351
741	756
639	188
696	786
407	655
633	641
101	674
331	1
959	127
107	202
73	117
449	729
568	47
369	480
389	874
217	665
405	207
556	983
586	905
894	878
666	446
776	31
602	235
487	514
540	985
272	859
317	131
964	77
198	454
374	95
729	191
23	910
365	590
194	664
120	775
543	138
622	614
380	895
588	798
320	836
276	48
798	56
108	479
765	414
531	917
291	331
575	295
653	921
851	456
216	11
324	602
908	106
190	956
475	59
697	601
378	719
857	198
760	211
256	784
652	658
548	871
732	708
147	134
561	137
36	638
407	654
286	646
788	882
733	747
799	795
613	419
728	603
305	524
901	201
151	657
142	707
55	569
284	249
824	255
604	647
36	319
288	525
455	995
977	960
440	468
749	515
651	951
431	964
175	20
776	368
730	95
753	527
277	429
665	240
847	411
737	443
91	72
286	579
688	587
829	988
544	409
443	983
697	441
474	114
890	520
519	939
652	856
242	106
459	169
779	371
179	977
840	471
595	59
909	580
864	4
271	939
89	964
600	843
777	496
385	944
342	590
650	493
283	193
9	41
221	240
975	65
579	357
358	890
238	979
988	174
513	892
291	16
650	536
693	702
48	77
238	455
895	499
694	320
638	495
308	838
942	888
197	96
641	231
612	133
790	406
525	963
651	953
546	468
544	375
930	352
948	157
259	552
443	933
888	938
483	891
94	752
264	452
795	828
639	327
544	804
831	288
48	517
79	950
581	300
676	48
378	417
428	140
710	387
340	551
724	585
955	389
536	879
307	988
930	823
439	982
373	241
412	839
27	901
919	959
168	354
777	654
12	481
894	859
607	32
647	858
977	458
200	220
844	708
200	477
154	287
296	481
205	13
607	488
975	39
582	688
994	172
102	749
60	177
393	544
366	824
910	371
923	750
76	208
446	47
592	667
847	736
250	161
550	121
56	340
119	210
719	135
668	480
864	550
692	958
402	941
733	774
268	22
692	538
723	34
361	9
876	81
730	564
243	370
739	32
234	58
782	46
254	106
364	980
32	459
928	643
844	43
867	301
395	531
60	247
524	203
346	541
895	345
890	533
157	768
918	80
146	657
99	662
717	562
645	815
939	517
683	93
391	408
647	935
299	452
597	772
25	179
713	183
90	766
626	33
696	785
236	387
434	594
154	383
772	213
579	135
115	275
896	210
465	318
762	720
232	668
243	988
582	54
94	918
85	792
638	215
549	953
321	29
40	234
177	409
244	219
188	44
246	679
560	58
806	441
590	691
720	568
91	921
677	955
311	439
850	231
600	19
956	128
383	958
875	533
375	268
529	848
688	70
410	373
499	956
602	9
236	688
411	428
468	675
505	615
33	656
609	169
519	538
606	515
816	150
77	634
657	67
626	898
541	81
973	779
389	66
243	103
564	756
426	709
940	118
230	709
767	303
440	58
606	699
903	763
865	306
309	399
451	762
492	908
44	465
638	620
154	800
177	856
105	924
213	505
972	661
560	408
567	273
81	654
566	680
997	402
24	278
434	994
85	83
274	930
136	238
801	349
136	118
862	649
921	334
465	577
515	286
471	647
825	830
491	25
928	292
438	208
442	162
598	584
713	536
180	997
636	52
990	847
873	272
214	163
522	423
452	230
454	153
570	615
771	426
744	923
378	823
248	648
35	426
150	498
776	519
873	284
22	148
215	541
862	726
741	520
502	997
938	989
968	103
978	641
213	319
59	450
904	829
39	534
951	762
797	234
915	532
166	285
453	130
857	568
162	573
290	526
240	441
882	544
910	21
696	56
260	4
720	619
974	328
112	61
639	376
434	314
475	720
265	806
487	179
606	70
32	118
97	931
684	249
85	27
882	69
270	483
468	518
731	390
395	858
505	700
806	934
445	251
41	334
759	510
754	587
707	727
822	703
851	786
149	673
903	60
39	621
66	982
105	734
882	58
377	836
460	190
545	612
795	151
983	144
815	502
907	843
82	883
538	481
591	566
517	991
245	446
390	652
953	788
981	603
211	543
813	669
114	985
451	697
416	379
147	697
493	356
858	91
800	377
825	74
825	523
651	816
63	885
455	599
772	60
650	997
669	514
608	197
309	535
529	658
670	642
997	493
66	968
50	298
202	81
858	622
806	252
971	365
86	561
108	464
610	845
865	335
323	274
887	789
474	375
365	144
90	92
824	688
819	369
189	443
804	528
926	308
748	597
529	314
113	99
128	853
876	632
283	659
748	180
846	629
590	816
909	412
773	838
394	963
23	961
49	490
833	703
949	40
910	164
376	218
994	643
417	32
238	216
254	947
718	483
163	546
280	296
482	949
160	320
413	96
111	128
124	126
761	247
671	949
140	126
720	440
841	250
672	608
463	485
643	847
832	900
106	668
344	57
430	320
381	337
495	207
120	123
383	497
423	143
687	213
351	56
177	31
419	277
560	148
93	323
368	640
706	196
567	426
271	405
661	61
829	498
613	753
582	117
648	791
449	874
937	323
860	51
660	732
154	152
492	783
568	651
421	308
88	801
158	932
396	199
426	288
319	41
811	300
694	615
370	975
22	909
209	655
476	639
665	908
166	163
175	252
946	594
826	888
549	632
416	424
157	932
532	148
187	479
68	961
561	106
828	502
487	865
208	558
92	48
14	561
361	616
125	133
947	845
712	384
657	653
182	425
161	381
852	78
416	962
402	322
342	815
359	840
29	690
169	752
93	54
176	189
310	69
278	942
76	250
135	478
838	81
981	738
899	167
494	922
652	104
281	651
193	11
430	539
91	508
853	30
527	708
739	510
47	130
801	62
339	273
100	118
691	644
210	852
889	422
760	197
303	539
582	853
368	318
259	629
709	969
668	468
180	139
930	172
24	677
836	440
196	660
918	627
983	746
902	283
404	719
341	79
670	470
501	757
943	771
791	60
657	708
176	494
702	618
643	200
812	132
12	469
745	942
847	502
129	627
10	170
564	151
287	618
502	356
78	556
655	301
409	169
137	705
284	206
630	525
943	537
20	386
867	633
487	27
646	153
73	486
960	69
821	770
405	243
69	554
617	842
53	932
678	602
189	831
769	652
199	534
677	583
822	669
843	718
211	140
722	954
194	21
825	493
621	779
941	249
959	828
628	224
173	917
900	547
278	678
713	830
513	473
799	394
377	88
528	258
4	431
271	481
691	605
656	189
887	31
759	136
277	366
916	276
628	250
184	57
152	280
879	630
572	565
907	362
831	234
812	182
185	295
756	677
841	438
106	591
238	247
509	898
363	517
319	862
106	176
89	435
465	48
646	429
721	601
435	513
7	269
326	748
626	971
921	259
784	962
197	357
187	521
484	678
791	47
259	527
590	744
485	346
854	312
65	151
601	981
130	404
891	110
980	393
436	316
38	181
647	110
315	689
345	839
980	890
624	94
7	212
129	86
572	226
977	416
718	896
907	785
864	18
757	232
985	438
463	786
807	48
681	522
683	66
232	485
744	168
114	652
889	346
965	433
327	743
591	872
83	564
611	562
621	818
401	221
325	231
721	589
805	208
641	600
191	223
970	280
190	164
974	437
618	595
130	106
581	729
454	705
461	627
128	368
436	154
576	757
340	219
507	936
382	146
657	832
297	890
505	191
279	728
607	766
952	68
507	235
725	793
480	743
634	600
510	606
786	831
595	75
253	346
289	404
605	202
142	184
255	313
856	433
604	798
748	164
631	904
416	350
756	631
386	679
739	927
264	341
921	988
197	269
633	719
218	522
372	557
575	287
59	863
707	185
342	514
805	49
84	246
585	962
821	546
726	818
746	169
927	871
20	947
353	980
445	620
126	298
503	168
937	636
448	789
623	760
957	450
122	490
520	192
729	493
950	316
409	206
486	607
16	486
553	854
14	18
343	580
115	458
692	531
861	835
275	896
562	805
749	355
848	528
505	438
648	125
45	88
904	577
112	173
155	378
272	549
9	215
726	979
174	788
81	245
328	510
160	503
285	476
709	40
829	926
833	431
155	846
457	670
884	670
170	127
406	821
275	737
801	891
118	22
799	901
699	396
7	993
681	445
41	757
696	632
66	360
428	32
940	928
230	637
984	839
860	83
667	914
365	109
850	815
773	947
371	923
943	361
485	358
968	389
250	172
738	154
219	914
725	109
168	780
8	844
539	389
716	80
449	186
569	227
696	665
532	923
175	676
631	65
146	551
999	121
25	332
747	86
972	688
659	604
895	631
233	235
675	825
972	576
165	466
59	224
248	846
109	946
489	616
20	577
211	886
785	369
837	213
437	343
512	742
296	689
546	170
656	293
772	111
652	137
567	772
605	154
557	205
579	458
135	977
993	366
555	234
974	696
885	4
384	27
847	574
173	417
981	271
223	435
775	291
548	359
835	276
65	48
588	17
323	183
741	196
341	784
608	388
417	645
426	439
414	362
30	546
105	723
989	19
104	801
358	285
263	900
200	184
590	456
658	100
984	449
981	981
946	155
455	68
852	836
30	201
487	782
367	936
925	576
64	533
965	495
192	56
851	877
107	84
192	757
681	400
213	478
529	652
600	270
392	71
134	816
538	888
949	215
104	673
796	908
588	122
734	731
714	639
929	32
869	449
648	770
470	523
637	280
728	698
116	348
5	352
761	304
826	142
476	230
807	403
864	641
77	412
699	183
126	158
258	510
757	854
751	577
641	886
131	129
625	314
373	303
836	605
665	55
541	964
523	34
275	40
432	939
301	297
34	378
399	703
903	492
253	724
331	356
569	183
361	741
461	96
724	28
786	863
720	622
829	378
776	469
761	670
158	507
146	712
883	942
396	945
87	79
930	115
910	566
192	855
577	302
867	220
946	945
220	835
547	252
475	74
733	422
479	133
987	628
78	907
139	950
961	415
866	357
544	28
495	161
398	141
418	593
751	772
108	60
622	362
153	28
521	858
328	394
140	77
822	796
678	592
931	889
249	316
213	120
298	54
726	463
748	141
375	590
517	492
193	613
872	837
288	103
407	766
119	60
599	229
866	66
768	87
418	483
183	162
578	139
876	318
44	309
171	732
939	399
615	615
341	727
90	200
590	582
0	175
718	684
681	57
480	593
16	24
976	283
868	540
323	47
238	396
273	452
40	644
539	129
738	410
745	377
162	505
98	212
954	741
756	816
169	912
161	545
638	186
58	878
961	839
216	57
101	978
909	936
163	98
854	169
0	940
440	922
52	428
409	997
275	287
643	207
935	878
535	907
525	994
588	760
371	795
71	9
910	382
282	615
190	205
108	256
178	233
816	57
1	928
721	456
599	578
429	473
963	364
413	485
670	234
929	430
225	941
662	95
486	204
242	290
785	108
639	499
398	415
565	415
246	812
825	422
917	516
175	250
275	629
345	425
686	822
611	926
714	181
911	370
919	939
639	100
567	765
73	591
695	527
741	992
99	135
729	131
491	206
789	476
13	208
56	922
33	548
844	659
311	212
323	87
493	152
383	337
443	363
72	753
742	656
791	894
114	557
960	34
884	456
417	193
862	563
718	839
448	919
245	62
945	565
63	796
365	906
284	148
879	318
846	154
577	771
99	161
432	831
469	120
331	946
926	799
770	776
493	786
566	23
231	433
536	225
272	253
114	175
432	24
438	123
770	738
818	299
668	891
819	805
150	770
258	399
184	809
198	755
188	14
894	552
683	161
957	264
371	361
530	594
778	433
213	798
93	438
281	834
920	902
106	912
787	689
33	239
493	927
618	601
659	377
567	877
770	432
181	876
965	927
806	318
13	694
807	663
806	931
234	720
471	878
856	160
188	868
610	105
832	784
532	933
330	125
345	843
11	191
949	522
278	914
575	864
224	649
339	960
824	69
342	0
991	147
461	835
130	178
851	248
416	852
146	988
781	151
33	795
32	495
763	343
514	127
934	273
794	547
856	763
524	995
512	945
181	518
114	155
632	437
829	344
943	855
330	416
858	181
98	684
924	825
83	717
271	151
83	686
501	110
554	795
998	691
642	270
631	771
890	445
558	359
755	419
44	819
113	327
940	113
969	446
649	664
679	871
992	893
623	938
924	175
867	818
581	268
166	37
536	162
148	495
657	689
894	835
310	913
48	394
623	860
269	814
418	769
254	120
863	458
927	185
428	138
541	627
693	214
423	365
392	363
346	666
978	400
862	561
984	568
609	722
137	593
562	440
893	350
466	874
392	264
339	809
64	530
365	922
729	126
500	997
659	648
916	765
643	625
573	654
563	897
932	265
936	488
162	263
230	456
200	173
760	750
652	271
704	436
682	244
144	699
560	686
637	329
410	544
662	991
389	710
805	859
708	352
421	719
540	583
731	486
576	200
413	351
131	656
734	377
233	987
422	634
567	896
754	603
428	137
833	40
587	463
33	364
18	137
889	366
56	240
504	440
138	714
730	433
343	48
316	954
769	229
409	129
853	222
178	470
979	836
586	127
126	177
696	645
398	19
615	29
539	251
495	755
787	170
957	955
665	262
617	727
54	796
467	336
813	133
803	25
340	105
250	816
74	599
852	743
878	892
49	124
87	71
475	105
180	844
634	320
801	103
431	719
319	283
217	60
205	744
839	294
38	819
285	402
306	121
705	140
160	768
388	145
744	3
744	907
749	479
610	496
159	907
964	397
761	899
97	972
483	626
257	416
52	777
311	365
437	635
237	418
807	984
575	300
333	586
843	880
986	594
567	8
429	209
384	693
828	54
552	491
418	925
296	240
326	944
783	514
528	941
997	686
207	419
503	282
357	178
932	156
870	794
888	947
603	967
843	208
655	784
160	632
946	993
472	304
30	481
130	941
150	964
750	600
127	945
170	380
546	185
914	129
156	274
326	124
294	440
309	546
808	935
833	399
382	439
407	584
465	843
179	974
793	59
918	164
780	561
266	630
453	547
16	963
212	175
289	797
322	590
52	423
298	368
525	879
270	297
142	132
500	981
32	562
95	652
963	365
728	917
933	111
877	655
781	838
356	419
186	344
502	927
534	275
992	617
748	636
50	41
827	463
869	765
417	628
725	677
225	865
20	736
860	892
991	769
542	489
558	427
562	659
281	755
228	473
113	134
907	526
828	817
707	357
219	56
666	807
448	574
165	691
434	503
594	929
876	700
650	958
187	40
841	298
879	492
58	450
308	322
571	975
129	36
613	55
20	987
434	869
872	203
744	78
464	398
339	24
74	244
424	29
857	618
133	484
288	717
700	950
137	9
331	448
414	473
923	418
97	51
857	497
61	214
351	99
50	225
384	190
606	471
500	272
112	629
847	340
893	224
953	570
324	103
625	77
71	533
961	381
760	328
621	630
702	799
675	826
988	144
989	742
638	772
776	608
491	75
289	621
368	336
570	761
617	157
201	860
563	932
301	575
701	546
737	452
856	882
159	758
336	468
98	201
490	901
993	799
491	928
698	645
650	492
932	971
747	954
468	522
64	519
441	52
319	937
589	694
385	941
282	710
328	777
672	58
651	571
204	370
800	753
539	18
601	444
807	828
977	424
845	665
303	322
903	82
407	242
749	418
539	599
546	168
646	649
717	618
137	334
539	234
284	594
648	84
266	123
796	554
861	709
10	105
773	851
207	536
584	725
584	684
952	942
490	798
579	596
427	12
551	507
278	832
207	411
977	352
533	55
325	102
988	279
570	753
764	797
689	705
461	718
136	448
941	274
912	547
216	208
274	786
682	103
512	804
959	265
467	541
220	864
390	595
809	321
777	520
465	103
385	415
392	202
605	134
21	951
55	432
388	384
414	881
392	169
710	190
607	61
590	116
170	249
98	520
594	958
469	764
891	409
249	393
508	752
172	362
736	277
509	422
122	890
407	636
566	846
811	312
697	881
698	985
742	192
655	517
413	992
457	461
845	296
408	630
164	91
177	490
639	343
395	802
318	384
826	39
918	294
260	406
192	707
14	891
271	632
745	996
573	456
771	109
222	73
611	14
527	596
816	501
449	320
12	860
703	240
746	166
806	933
539	458
349	604
53	708
243	116
399	711
540	855
109	10
415	683
553	923
797	162
652	327
515	776
880	905
404	875
351	442
46	671
409	866
885	637
905	422
654	33
0	370
283	490
50	140
566	59
771	559
154	306
187	325
339	220
527	790
620	66
968	928
621	392
11	689
15	204
104	281
308	86
770	512
456	175
498	334
612	606
204	534
469	657
615	174
353	910
701	430
635	182
328	810
272	647
229	781
834	242
942	489
490	932
603	954
805	903
139	134
665	834
466	549
961	90
665	538
27	831
182	381
836	672
838	66
961	681
989	144
227	790
412	109
12	722
