504
17	17
22	22
107	107
125	125
162	162
163	163
165	165
171	171
177	177
187	187
197	154
208	208
211	211
216	172
218	73
218	218
219	219
225	225
229	190
230	204
231	229
236	236
237	237
240	240
241	222
242	242
244	244
246	246
255	229
255	255
264	264
268	101
268	119
268	128
268	217
268	225
268	243
270	34
270	229
270	242
274	190
286	142
286	270
286	286
290	290
293	293
294	294
299	299
305	29
305	305
316	290
329	210
345	218
345	345
346	346
352	352
357	357
359	359
362	206
362	263
366	366
369	270
371	207
371	371
372	372
373	133
378	378
380	373
383	383
386	246
387	215
392	142
397	397
399	399
401	218
402	154
402	402
403	154
404	283
405	242
408	408
409	251
410	410
414	314
415	237
417	310
419	419
424	19
424	424
425	247
425	417
426	255
427	427
432	73
432	78
432	137
432	383
432	425
433	382
433	383
433	419
433	433
441	345
442	432
443	375
448	310
449	391
452	452
453	268
454	373
469	451
470	218
470	344
471	419
471	471
472	214
476	468
483	433
484	433
484	483
485	229
485	484
487	375
487	487
489	461
491	73
492	492
493	439
493	493
497	14
497	19
497	67
497	147
497	153
497	216
497	281
497	360
498	19
499	181
502	502
504	160
515	117
519	225
519	243
522	522
527	521
533	533
534	270
535	218
535	419
535	433
535	443
535	471
535	487
535	535
536	142
536	270
539	163
539	382
539	410
539	419
539	440
539	471
539	522
539	539
543	543
548	433
548	443
548	548
553	270
555	555
558	372
562	490
564	216
567	371
568	432
574	206
574	399
576	485
578	221
578	458
579	579
583	408
583	583
585	163
585	316
585	521
585	585
589	154
594	497
597	527
598	154
599	190
605	469
606	424
606	606
608	154
608	236
608	257
610	610
615	125
615	519
620	564
621	452
625	245
626	626
628	437
628	628
633	367
634	634
637	637
638	470
641	82
641	608
641	624
641	641
644	154
650	433
651	254
651	419
651	432
651	651
656	471
656	656
658	485
659	568
659	659
661	345
661	610
661	634
661	661
662	253
663	663
669	66
673	673
674	610
674	661
674	674
677	74
677	205
677	543
677	588
677	608
677	639
677	677
678	452
678	518
678	678
681	681
686	529
690	432
690	626
691	190
691	218
691	229
692	365
693	373
693	419
693	471
696	470
697	522
697	686
702	317
702	491
702	702
704	443
706	600
710	229
710	270
713	491
713	628
713	702
713	713
714	714
715	461
715	715
716	268
716	519
716	713
721	721
723	111
723	117
723	229
723	344
723	473
723	489
723	542
723	713
723	723
733	268
735	710
735	728
735	734
739	187
739	270
740	166
740	432
740	519
741	741
746	190
747	747
750	196
750	341
750	615
750	713
750	750
753	171
753	350
757	245
757	413
758	405
758	703
760	472
761	156
763	763
765	270
765	765
767	326
767	382
767	767
772	510
773	202
778	270
780	780
781	371
782	198
782	432
782	782
783	144
783	177
783	301
783	398
783	543
783	545
783	552
783	565
783	609
783	703
783	754
783	783
786	187
789	219
789	789
793	793
795	494
797	789
799	783
800	637
805	268
805	519
807	807
810	381
810	425
810	810
812	812
816	305
820	142
820	236
820	424
820	425
820	536
820	615
820	820
821	381
825	491
825	713
838	205
838	497
839	497
843	154
843	416
844	713
845	845
846	74
846	133
846	283
846	317
846	370
846	437
846	497
846	525
846	608
846	639
846	677
846	680
846	713
846	846
847	454
849	372
850	155
853	196
853	846
855	782
857	548
858	497
859	543
865	865
868	523
870	73
870	308
870	345
870	489
870	542
870	632
870	870
871	708
871	850
879	879
881	207
881	746
881	881
882	535
882	734
882	735
883	883
884	713
884	874
885	207
889	190
889	382
892	148
892	783
895	735
896	896
898	898
901	820
903	299
903	316
903	371
903	582
903	903
904	408
907	280
907	907
909	909
911	125
911	367
912	302
916	154
917	286
917	345
918	918
920	582
923	350
923	439
923	923
926	33
930	190
930	743
930	834
931	783
932	216
935	758
936	936
937	889
937	937
938	251
940	190
940	382
941	629
943	382
943	881
946	556
947	556
948	556
950	543
950	712
950	860
950	950
951	501
952	901
953	211
953	373
953	383
953	451
953	733
955	532
956	507
957	957
958	958
959	601
961	783
963	253
964	964
968	445
971	432
971	884
971	971
974	225
979	268
979	519
982	472
983	915
988	988
992	467
992	992
993	211
995	995
999	58
999	112
999	233
999	399
999	864
999	905
